0 268.82 1.58724e+00 1.11764e-01 0.46
1 275.13 1.02329e+00 2.54314e-01 0.36
2 275.86 2.49773e-01 1.08090e+00 0.08
3 276.13 7.51710e-02 1.79382e+00 0.01
4 276.16 2.73209e-02 1.95917e+00 0.00
5 275.96 1.84167e-03 1.68404e+00 0.00
6 275.48 0.00000e+00 2.11095e+00 0.00
7 274.14 6.55341e-03 1.43396e+00 0.00
8 272.66 1.30295e-01 1.63427e+00 0.18
9 271.58 3.44786e-01 1.81720e+00 0.47
10 270.62 6.61041e-01 2.54606e+00 0.67
11 269.90 9.74009e-01 3.28018e+00 0.76
12 269.95 1.13367e+00 3.92388e+00 0.74
13 269.60 1.36635e+00 4.76164e+00 0.77
14 269.41 1.57178e+00 5.18851e+00 0.78
15 268.91 1.79592e+00 5.03448e+00 0.80
16 269.29 1.84871e+00 5.04113e+00 0.78
17 269.61 1.86743e+00 4.35304e+00 0.76
18 269.70 1.83918e+00 4.17993e+00 0.81
19 268.54 1.95247e+00 3.60043e+00 0.86
20 267.06 2.24889e+00 3.53208e+00 0.87
21 266.47 2.52339e+00 4.81949e+00 0.88
22 266.24 2.78110e+00 4.52455e+00 0.90
23 266.12 2.99663e+00 4.78306e+00 0.90
24 265.34 3.28405e+00 4.61217e+00 0.92
25 265.77 3.46492e+00 4.63379e+00 0.95
26 264.84 3.68050e+00 4.28689e+00 0.96
27 264.15 3.96281e+00 4.11498e+00 0.97
28 263.66 4.24458e+00 4.02250e+00 0.97
29 262.34 4.52045e+00 4.19574e+00 0.99
30 262.39 4.79891e+00 4.05055e+00 0.99
31 261.97 5.07289e+00 4.05247e+00 0.99
32 261.16 5.32995e+00 4.44703e+00 1.00
33 259.90 5.62544e+00 4.76495e+00 0.99
34 259.11 5.93035e+00 4.84954e+00 0.99
35 258.86 6.23724e+00 4.81663e+00 0.99
36 260.00 6.52615e+00 4.46496e+00 1.00
37 257.71 6.79542e+00 4.76281e+00 1.00
38 257.05 7.06919e+00 4.59328e+00 1.00
39 256.10 7.31839e+00 4.72908e+00 1.00
40 255.63 7.56386e+00 4.65178e+00 1.00
41 255.81 7.77595e+00 4.37117e+00 1.00
42 254.15 7.97327e+00 4.45886e+00 1.00
43 254.05 8.14785e+00 4.20662e+00 1.00
44 253.43 8.28769e+00 4.50720e+00 1.00
45 252.63 8.40134e+00 4.69326e+00 1.00
46 252.44 8.49576e+00 4.78829e+00 1.00
47 251.87 8.57670e+00 4.23165e+00 1.00
48 252.11 8.65456e+00 4.20440e+00 1.00
49 251.00 8.72903e+00 5.11213e+00 1.00
50 250.98 8.78628e+00 4.50907e+00 1.00
51 250.25 8.83415e+00 4.89613e+00 1.00
52 250.33 8.87695e+00 4.85960e+00 1.00
53 249.93 8.91088e+00 4.68266e+00 1.00
54 249.70 8.93815e+00 4.86070e+00 1.00
55 249.76 8.96686e+00 4.66316e+00 1.00
56 249.81 8.98965e+00 4.54093e+00 1.00
57 249.43 8.99993e+00 4.60211e+00 1.00
58 248.45 9.00000e+00 4.73485e+00 1.00
59 249.06 9.00000e+00 4.55290e+00 1.00
60 248.03 9.00000e+00 4.76926e+00 1.00
61 248.39 9.00000e+00 4.75576e+00 1.00
62 247.84 9.00000e+00 5.16204e+00 1.00
63 247.95 9.00000e+00 4.60745e+00 1.00
64 247.91 9.00000e+00 3.96204e+00 1.00
65 248.04 9.00000e+00 4.49560e+00 1.00
66 247.79 9.00000e+00 4.86286e+00 1.00
67 247.28 9.00000e+00 4.72722e+00 1.00
68 247.84 9.00000e+00 4.37889e+00 1.00
69 247.13 9.00000e+00 4.83212e+00 1.00
70 247.63 9.00000e+00 4.47071e+00 1.00
71 247.23 9.00000e+00 4.74352e+00 1.00
72 247.11 9.00000e+00 4.29489e+00 1.00
73 246.83 9.00000e+00 4.64663e+00 1.00
74 246.93 9.00000e+00 4.60229e+00 1.00
75 246.93 9.00000e+00 4.72186e+00 1.00
76 246.75 9.00000e+00 4.49286e+00 1.00
77 247.77 9.00000e+00 4.60175e+00 1.00
78 247.66 9.00000e+00 4.34976e+00 1.00
79 246.81 9.00000e+00 4.58376e+00 1.00
80 246.67 9.00000e+00 4.26545e+00 1.00
81 246.46 9.00000e+00 4.37331e+00 1.00
82 246.75 9.00000e+00 4.61692e+00 1.00
83 246.63 9.00000e+00 4.87078e+00 1.00
84 246.67 9.00000e+00 4.81822e+00 1.00
85 246.71 9.00000e+00 4.53371e+00 1.00
86 247.61 9.00000e+00 4.23718e+00 1.00
87 247.49 9.00000e+00 4.47380e+00 1.00
88 247.49 9.00000e+00 3.59894e+00 1.00
89 247.25 9.00000e+00 4.44642e+00 1.00
90 246.47 9.00000e+00 4.81216e+00 1.00
91 247.20 9.00000e+00 4.39540e+00 1.00
92 247.48 9.00000e+00 4.32295e+00 1.00
93 246.23 9.00000e+00 4.65900e+00 1.00
94 246.95 9.00000e+00 4.54334e+00 1.00
95 247.34 9.00000e+00 4.43311e+00 1.00
96 246.26 9.00000e+00 4.35118e+00 1.00
97 246.69 9.00000e+00 4.47322e+00 1.00
98 246.94 9.00000e+00 4.42915e+00 1.00
99 246.26 9.00000e+00 4.34075e+00 1.00
100 246.21 9.00000e+00 4.22445e+00 1.00
101 247.17 9.00000e+00 4.36665e+00 1.00
102 247.15 9.00000e+00 4.37480e+00 1.00
103 246.77 9.00000e+00 4.52719e+00 1.00
104 247.76 9.00000e+00 4.33702e+00 1.00
105 247.23 9.00000e+00 4.48175e+00 1.00
106 246.78 9.00000e+00 4.84082e+00 1.00
107 246.50 9.00000e+00 4.85345e+00 1.00
108 246.33 9.00000e+00 4.43475e+00 1.00
109 246.44 9.00000e+00 4.52662e+00 1.00
110 245.90 9.00000e+00 4.68191e+00 1.00
111 246.28 9.00000e+00 4.33594e+00 1.00
112 246.73 9.00000e+00 4.35002e+00 1.00
113 246.38 9.00000e+00 4.78741e+00 1.00
114 247.15 9.00000e+00 4.50445e+00 1.00
115 246.42 9.00000e+00 4.81002e+00 1.00
116 246.63 9.00000e+00 4.70367e+00 1.00
117 246.72 9.00000e+00 4.69791e+00 1.00
118 246.34 9.00000e+00 4.38773e+00 1.00
119 246.78 9.00000e+00 4.33864e+00 1.00
120 246.44 9.00000e+00 4.93390e+00 1.00
121 247.02 9.00000e+00 4.92911e+00 1.00
122 246.38 9.00000e+00 4.99955e+00 1.00
123 246.73 9.00000e+00 4.42657e+00 1.00
124 246.63 9.00000e+00 4.88154e+00 1.00
125 246.53 9.00000e+00 4.39467e+00 1.00
126 246.99 9.00000e+00 4.50976e+00 1.00
127 246.63 9.00000e+00 4.84899e+00 1.00
128 246.62 9.00000e+00 4.52112e+00 1.00
129 246.43 9.00000e+00 4.59469e+00 1.00
130 247.20 9.00000e+00 4.30115e+00 1.00
131 246.26 9.00000e+00 4.94768e+00 1.00
132 246.70 9.00000e+00 4.70160e+00 1.00
133 246.35 9.00000e+00 4.94425e+00 1.00
134 246.64 9.00000e+00 4.23765e+00 1.00
135 246.15 9.00000e+00 4.58879e+00 1.00
136 246.62 9.00000e+00 4.44181e+00 1.00
137 246.39 9.00000e+00 4.78115e+00 1.00
138 246.52 9.00000e+00 4.54393e+00 1.00
139 246.87 9.00000e+00 4.50946e+00 1.00
140 246.83 9.00000e+00 4.36733e+00 1.00
141 246.94 9.00000e+00 4.30476e+00 1.00
142 246.55 9.00000e+00 4.57630e+00 1.00
143 246.98 9.00000e+00 4.38903e+00 1.00
144 246.44 9.00000e+00 4.43373e+00 1.00
145 246.63 9.00000e+00 4.65543e+00 1.00
146 246.61 9.00000e+00 4.89348e+00 1.00
147 247.53 9.00000e+00 4.53722e+00 1.00
148 246.43 9.00000e+00 4.75924e+00 1.00
149 246.89 9.00000e+00 4.60798e+00 1.00
150 246.57 9.00000e+00 4.69861e+00 1.00
151 246.63 9.00000e+00 4.33780e+00 1.00
152 246.19 9.00000e+00 4.68379e+00 1.00
153 246.86 9.00000e+00 4.48153e+00 1.00
154 246.40 9.00000e+00 4.88168e+00 1.00
155 246.58 9.00000e+00 4.61651e+00 1.00
156 247.20 9.00000e+00 4.56655e+00 1.00
157 246.66 9.00000e+00 4.75282e+00 1.00
158 246.74 9.00000e+00 4.60192e+00 1.00
159 246.65 9.00000e+00 4.78484e+00 1.00
160 247.14 9.00000e+00 4.12738e+00 1.00
161 246.64 9.00000e+00 4.81359e+00 1.00
162 247.30 9.00000e+00 4.45216e+00 1.00
163 246.48 9.00000e+00 4.76184e+00 1.00
164 246.69 9.00000e+00 4.34630e+00 1.00
165 246.27 9.00000e+00 4.64802e+00 1.00
166 246.51 9.00000e+00 4.60027e+00 1.00
167 246.57 9.00000e+00 4.64689e+00 1.00
168 246.60 9.00000e+00 4.67988e+00 1.00
169 247.09 9.00000e+00 4.47094e+00 1.00
170 246.45 9.00000e+00 4.70833e+00 1.00
171 246.74 9.00000e+00 4.79516e+00 1.00
172 246.66 9.00000e+00 4.60886e+00 1.00
173 247.32 9.00000e+00 4.13682e+00 1.00
174 246.46 9.00000e+00 4.59210e+00 1.00
175 246.74 9.00000e+00 4.67178e+00 1.00
176 246.45 9.00000e+00 4.23722e+00 1.00
177 246.59 9.00000e+00 4.31529e+00 1.00
178 246.21 9.00000e+00 4.51561e+00 1.00
179 246.67 9.00000e+00 4.64373e+00 1.00
180 246.29 9.00000e+00 4.75643e+00 1.00
181 246.57 9.00000e+00 4.39673e+00 1.00
182 246.35 9.00000e+00 4.85377e+00 1.00
183 246.65 9.00000e+00 4.72675e+00 1.00
184 246.21 9.00000e+00 5.01162e+00 1.00
185 246.62 9.00000e+00 4.30781e+00 1.00
186 246.30 9.00000e+00 4.89717e+00 1.00
187 246.53 9.00000e+00 3.96844e+00 1.00
188 246.25 9.00000e+00 4.75555e+00 1.00
189 246.83 9.00000e+00 4.59140e+00 1.00
190 246.97 9.00000e+00 4.49489e+00 1.00
191 246.54 9.00000e+00 4.63616e+00 1.00
192 246.56 9.00000e+00 4.65665e+00 1.00
193 246.57 9.00000e+00 4.56453e+00 1.00
194 247.48 9.00000e+00 4.66218e+00 1.00
195 246.36 9.00000e+00 4.78227e+00 1.00
196 246.86 9.00000e+00 4.75220e+00 1.00
197 246.49 9.00000e+00 4.36706e+00 1.00
198 246.51 9.00000e+00 4.48863e+00 1.00
199 246.67 9.00000e+00 4.82297e+00 1.00
200 246.54 9.00000e+00 4.69384e+00 1.00
201 247.24 9.00000e+00 4.40413e+00 1.00
202 246.33 9.00000e+00 4.55894e+00 1.00
203 247.44 9.00000e+00 4.61605e+00 1.00
204 246.79 9.00000e+00 4.52210e+00 1.00
205 246.56 9.00000e+00 4.59836e+00 1.00
206 247.23 9.00000e+00 4.47484e+00 1.00
207 246.53 9.00000e+00 4.44578e+00 1.00
208 246.96 9.00000e+00 4.55178e+00 1.00
209 246.57 9.00000e+00 4.82272e+00 1.00
210 246.59 9.00000e+00 4.48742e+00 1.00
211 246.72 9.00000e+00 4.45938e+00 1.00
212 246.44 9.00000e+00 4.80903e+00 1.00
213 247.05 9.00000e+00 4.58304e+00 1.00
214 246.92 9.00000e+00 4.56496e+00 1.00
215 246.77 9.00000e+00 4.61420e+00 1.00
216 247.21 9.00000e+00 3.86984e+00 1.00
217 247.27 9.00000e+00 4.18731e+00 1.00
218 247.38 9.00000e+00 4.38959e+00 1.00
219 247.60 9.00000e+00 4.59267e+00 1.00
220 247.64 9.00000e+00 4.49014e+00 1.00
221 247.42 9.00000e+00 4.20446e+00 1.00
222 247.78 9.00000e+00 4.35482e+00 1.00
223 247.50 9.00000e+00 4.32677e+00 1.00
224 246.61 9.00000e+00 4.23337e+00 1.00
225 247.35 9.00000e+00 4.50325e+00 1.00
226 247.47 9.00000e+00 4.59102e+00 1.00
227 246.46 9.00000e+00 4.61758e+00 1.00
228 247.41 9.00000e+00 4.71822e+00 1.00
229 246.66 9.00000e+00 4.22800e+00 1.00
230 246.96 9.00000e+00 4.49573e+00 1.00
231 246.54 9.00000e+00 4.40968e+00 1.00
232 246.14 9.00000e+00 4.79246e+00 1.00
233 246.00 9.00000e+00 4.58497e+00 1.00
234 246.37 9.00000e+00 4.60148e+00 1.00
235 245.89 9.00000e+00 4.82174e+00 1.00
236 246.34 9.00000e+00 4.78168e+00 1.00
237 246.67 9.00000e+00 4.24917e+00 1.00
238 247.28 9.00000e+00 3.79540e+00 1.00
239 246.73 9.00000e+00 4.44456e+00 1.00
240 247.11 9.00000e+00 4.42708e+00 1.00
241 246.63 9.00000e+00 4.42396e+00 1.00
242 247.33 9.00000e+00 4.25549e+00 1.00
243 246.92 9.00000e+00 3.96940e+00 1.00
244 246.48 9.00000e+00 4.22512e+00 1.00
245 247.19 9.00000e+00 4.33986e+00 1.00
246 247.30 9.00000e+00 4.27623e+00 1.00
247 246.37 9.00000e+00 4.65289e+00 1.00
248 246.99 9.00000e+00 4.59281e+00 1.00
249 246.98 9.00000e+00 4.35368e+00 1.00
250 246.92 9.00000e+00 4.57921e+00 1.00
251 246.38 9.00000e+00 4.51084e+00 1.00
252 247.04 9.00000e+00 4.59278e+00 1.00
253 247.15 9.00000e+00 4.62203e+00 1.00
254 246.21 9.00000e+00 4.65599e+00 1.00
255 246.17 9.00000e+00 4.47244e+00 1.00
256 246.27 9.00000e+00 4.67556e+00 1.00
257 245.69 9.00000e+00 4.33265e+00 1.00
258 245.65 9.00000e+00 4.50349e+00 1.00
259 246.54 9.00000e+00 4.05496e+00 1.00
260 246.11 9.00000e+00 4.32211e+00 1.00
261 245.98 9.00000e+00 4.88105e+00 1.00
262 246.70 9.00000e+00 4.14614e+00 1.00
263 247.32 9.00000e+00 4.00188e+00 1.00
264 247.15 9.00000e+00 4.32325e+00 1.00
265 246.29 9.00000e+00 4.15829e+00 1.00
266 246.54 9.00000e+00 4.67336e+00 1.00
267 247.24 9.00000e+00 4.56926e+00 1.00
268 247.22 9.00000e+00 4.70988e+00 1.00
269 247.51 9.00000e+00 4.14589e+00 1.00
270 247.02 9.00000e+00 4.54904e+00 1.00
271 247.13 9.00000e+00 4.21895e+00 1.00
272 246.50 9.00000e+00 4.69111e+00 1.00
273 246.47 9.00000e+00 4.74675e+00 1.00
274 247.17 9.00000e+00 4.55702e+00 1.00
275 246.32 9.00000e+00 4.61923e+00 1.00
276 247.23 9.00000e+00 4.51775e+00 1.00
277 247.10 9.00000e+00 4.61782e+00 1.00
278 247.36 9.00000e+00 4.12458e+00 1.00
279 247.28 9.00000e+00 4.27491e+00 1.00
280 247.13 9.00000e+00 4.58778e+00 1.00
281 246.64 9.00000e+00 4.25485e+00 1.00
282 246.25 9.00000e+00 4.34205e+00 1.00
283 246.83 9.00000e+00 4.50992e+00 1.00
284 245.91 9.00000e+00 4.27856e+00 1.00
285 246.79 9.00000e+00 4.30656e+00 1.00
286 246.40 9.00000e+00 4.75375e+00 1.00
287 246.46 9.00000e+00 4.46278e+00 1.00
288 247.18 9.00000e+00 4.37754e+00 1.00
289 246.95 9.00000e+00 4.19846e+00 1.00
290 246.92 9.00000e+00 4.54882e+00 1.00
291 246.18 9.00000e+00 4.68742e+00 1.00
292 246.89 9.00000e+00 4.54627e+00 1.00
293 246.75 9.00000e+00 4.35353e+00 1.00
294 246.96 9.00000e+00 4.15669e+00 1.00
295 246.80 9.00000e+00 4.42728e+00 1.00
296 246.10 9.00000e+00 4.62847e+00 1.00
297 246.17 9.00000e+00 4.39027e+00 1.00
298 246.99 9.00000e+00 4.41280e+00 1.00
299 246.04 9.00000e+00 4.15111e+00 1.00
300 246.95 9.00000e+00 4.65378e+00 1.00
301 247.00 9.00000e+00 4.24878e+00 1.00
302 247.08 9.00000e+00 4.03208e+00 1.00
303 246.97 9.00000e+00 4.13580e+00 1.00
304 246.85 9.00000e+00 4.30213e+00 1.00
305 246.91 9.00000e+00 4.45025e+00 1.00
306 245.95 9.00000e+00 4.38155e+00 1.00
307 246.57 9.00000e+00 4.53627e+00 1.00
308 245.78 9.00000e+00 4.38895e+00 1.00
309 246.02 9.00000e+00 4.28364e+00 1.00
310 246.87 9.00000e+00 3.91445e+00 1.00
311 247.03 9.00000e+00 4.40182e+00 1.00
312 247.18 9.00000e+00 4.19993e+00 1.00
313 246.84 9.00000e+00 4.67098e+00 1.00
314 246.81 9.00000e+00 4.46987e+00 1.00
315 245.92 9.00000e+00 4.43302e+00 1.00
316 246.74 9.00000e+00 4.51146e+00 1.00
317 246.44 9.00000e+00 4.42806e+00 1.00
318 247.12 9.00000e+00 4.24193e+00 1.00
319 247.08 9.00000e+00 3.83963e+00 1.00
320 246.64 9.00000e+00 4.69411e+00 1.00
321 245.95 9.00000e+00 4.68248e+00 1.00
322 246.66 9.00000e+00 4.43919e+00 1.00
323 246.97 9.00000e+00 4.47490e+00 1.00
324 245.80 9.00000e+00 4.58873e+00 1.00
325 245.66 9.00000e+00 4.69483e+00 1.00
326 245.49 9.00000e+00 4.58127e+00 1.00
327 245.23 9.00000e+00 4.32074e+00 1.00
328 245.59 9.00000e+00 4.69103e+00 1.00
329 245.40 9.00000e+00 4.73726e+00 1.00
330 245.66 9.00000e+00 4.49189e+00 1.00
331 245.95 9.00000e+00 4.31868e+00 1.00
332 245.58 9.00000e+00 4.64544e+00 1.00
333 245.64 9.00000e+00 4.14926e+00 1.00
334 245.97 9.00000e+00 4.49374e+00 1.00
335 246.02 9.00000e+00 4.36242e+00 1.00
336 246.28 9.00000e+00 4.24616e+00 1.00
337 246.99 9.00000e+00 4.08823e+00 1.00
338 247.00 9.00000e+00 4.19436e+00 1.00
339 246.17 9.00000e+00 4.62174e+00 1.00
340 247.06 9.00000e+00 4.21015e+00 1.00
341 247.16 9.00000e+00 4.48476e+00 1.00
342 246.34 9.00000e+00 4.44633e+00 1.00
343 247.13 9.00000e+00 4.37856e+00 1.00
344 246.07 9.00000e+00 4.33955e+00 1.00
345 246.64 9.00000e+00 4.69498e+00 1.00
346 247.12 9.00000e+00 3.91862e+00 1.00
347 246.51 9.00000e+00 4.19701e+00 1.00
348 246.28 9.00000e+00 4.47156e+00 1.00
349 246.02 9.00000e+00 4.31961e+00 1.00
350 246.23 9.00000e+00 4.40600e+00 1.00
351 246.35 9.00000e+00 4.72046e+00 1.00
352 246.06 9.00000e+00 4.67520e+00 1.00
353 246.82 9.00000e+00 4.53166e+00 1.00
354 246.04 9.00000e+00 4.37711e+00 1.00
355 246.39 9.00000e+00 4.37817e+00 1.00
356 246.22 9.00000e+00 4.37913e+00 1.00
357 246.06 9.00000e+00 4.35664e+00 1.00
358 247.01 9.00000e+00 4.35881e+00 1.00
359 246.59 9.00000e+00 4.98160e+00 1.00
360 246.83 9.00000e+00 4.61594e+00 1.00
361 246.87 9.00000e+00 4.47652e+00 1.00
362 247.00 9.00000e+00 4.56240e+00 1.00
363 247.31 9.00000e+00 4.47180e+00 1.00
364 247.27 9.00000e+00 4.72752e+00 1.00
365 246.44 9.00000e+00 4.67965e+00 1.00
366 246.69 9.00000e+00 4.75880e+00 1.00
367 246.33 9.00000e+00 4.29065e+00 1.00
368 246.36 9.00000e+00 4.80672e+00 1.00
369 246.65 9.00000e+00 4.62438e+00 1.00
370 246.44 9.00000e+00 3.90119e+00 1.00
371 246.34 9.00000e+00 4.07720e+00 1.00
372 246.52 9.00000e+00 4.76581e+00 1.00
373 246.84 9.00000e+00 4.41400e+00 1.00
374 246.28 9.00000e+00 4.49674e+00 1.00
375 246.51 9.00000e+00 4.37935e+00 1.00
376 246.72 9.00000e+00 4.77749e+00 1.00
377 246.74 9.00000e+00 4.45183e+00 1.00
378 246.78 9.00000e+00 4.55480e+00 1.00
379 247.31 9.00000e+00 4.30593e+00 1.00
380 247.11 9.00000e+00 4.59111e+00 1.00
381 246.66 9.00000e+00 4.41340e+00 1.00
382 246.99 9.00000e+00 4.75338e+00 1.00
383 246.65 9.00000e+00 3.99800e+00 1.00
384 247.60 9.00000e+00 4.19656e+00 1.00
385 246.76 9.00000e+00 4.06092e+00 1.00
386 246.48 9.00000e+00 4.90828e+00 1.00
387 246.64 9.00000e+00 4.27550e+00 1.00
388 246.73 9.00000e+00 4.06682e+00 1.00
389 246.44 9.00000e+00 4.88981e+00 1.00
390 246.86 9.00000e+00 4.51182e+00 1.00
391 246.88 9.00000e+00 4.66681e+00 1.00
392 246.78 9.00000e+00 4.53240e+00 1.00
393 247.64 9.00000e+00 4.67698e+00 1.00
394 247.79 9.00000e+00 4.44040e+00 1.00
395 247.65 9.00000e+00 4.23174e+00 1.00
396 246.48 9.00000e+00 4.38888e+00 1.00
397 246.51 9.00000e+00 4.36768e+00 1.00
398 247.38 9.00000e+00 3.78967e+00 1.00
399 246.17 9.00000e+00 3.98517e+00 1.00
