0 275.76 4.96531e-01 7.80982e-02 249.72
1 278.72 8.91008e-02 1.58774e-01 190.86
2 279.65 1.87973e-02 8.68907e-01 175.97
3 280.00 2.15672e-03 1.62725e+00 168.30
4 280.01 0.00000e+00 2.27854e+00 163.29
5 279.79 0.00000e+00 2.50383e+00 159.32
6 279.52 0.00000e+00 2.23463e+00 158.27
7 279.21 0.00000e+00 1.95743e+00 158.05
8 278.62 0.00000e+00 1.82059e+00 157.32
9 277.86 0.00000e+00 1.70983e+00 156.43
10 277.15 0.00000e+00 2.29107e+00 156.04
11 276.51 0.00000e+00 2.40300e+00 157.14
12 275.76 0.00000e+00 2.35404e+00 159.22
13 275.16 2.17567e-03 3.29467e+00 160.92
14 274.91 1.54450e-02 4.39807e+00 161.84
15 275.08 2.31751e-02 4.90951e+00 162.30
16 275.18 2.77353e-02 5.15025e+00 161.71
17 275.28 3.00838e-02 5.92662e+00 161.56
18 275.30 3.48686e-02 6.36432e+00 161.91
19 275.37 3.69595e-02 6.11556e+00 161.96
20 275.39 4.34488e-02 5.56818e+00 161.47
21 275.37 4.36439e-02 6.46214e+00 161.71
22 275.37 4.42829e-02 6.52605e+00 161.45
23 275.38 4.63074e-02 6.41743e+00 161.68
24 275.37 4.94479e-02 6.19284e+00 161.66
25 275.31 5.28957e-02 5.91345e+00 161.42
26 275.26 5.84951e-02 6.17880e+00 162.21
27 275.24 6.16626e-02 6.31285e+00 161.74
28 275.29 6.17074e-02 6.22660e+00 161.32
29 275.27 6.45069e-02 6.52826e+00 161.90
30 275.25 6.77212e-02 6.13667e+00 161.69
31 275.23 7.16987e-02 6.34983e+00 161.86
32 275.26 7.28480e-02 6.22366e+00 161.48
33 275.18 8.40886e-02 6.29748e+00 161.77
34 275.21 8.24790e-02 6.50905e+00 161.84
35 275.29 8.38843e-02 6.08650e+00 161.38
36 275.25 9.11601e-02 6.05979e+00 161.92
37 275.17 9.23021e-02 6.51376e+00 161.80
38 275.12 9.90401e-02 6.70950e+00 162.16
39 275.18 9.85584e-02 6.00352e+00 161.75
40 275.13 1.04281e-01 6.20630e+00 161.28
41 275.05 1.11271e-01 6.02685e+00 162.00
42 274.97 1.29274e-01 6.15403e+00 161.78
43 274.97 1.45090e-01 6.04451e+00 161.74
44 274.94 1.56243e-01 5.99400e+00 161.68
45 274.90 1.74155e-01 6.34401e+00 161.90
46 274.99 1.86218e-01 6.40904e+00 161.45
47 275.05 1.94884e-01 6.12002e+00 161.66
48 275.00 2.06371e-01 6.07949e+00 162.17
49 274.95 2.20286e-01 6.11214e+00 161.74
50 274.96 2.30196e-01 5.74300e+00 161.54
51 274.99 2.39699e-01 6.32108e+00 161.64
52 274.98 2.49112e-01 6.45221e+00 162.10
53 275.00 2.58466e-01 6.58754e+00 162.30
54 274.99 2.67958e-01 6.19774e+00 162.02
55 274.99 2.78612e-01 6.08380e+00 162.21
56 274.88 2.92846e-01 5.87699e+00 161.44
57 274.91 3.04995e-01 6.11928e+00 162.05
58 274.91 3.17165e-01 5.78819e+00 162.20
59 274.84 3.29703e-01 6.22713e+00 161.74
60 274.86 3.42176e-01 6.01330e+00 162.17
61 274.92 3.53240e-01 5.98301e+00 161.74
62 274.80 3.66808e-01 5.99355e+00 161.83
63 274.79 3.80833e-01 6.33350e+00 161.86
64 274.87 3.91556e-01 6.06504e+00 161.99
65 274.89 4.04190e-01 5.97457e+00 161.91
66 274.91 4.15666e-01 5.80148e+00 161.97
67 274.84 4.30114e-01 6.04783e+00 162.34
68 274.92 4.41583e-01 5.98160e+00 162.29
69 274.91 4.53337e-01 5.92512e+00 162.05
70 274.92 4.65107e-01 6.25738e+00 161.86
71 274.89 4.76996e-01 6.12738e+00 162.22
72 274.91 4.88538e-01 6.38928e+00 162.29
73 274.92 5.01520e-01 5.76993e+00 162.78
74 274.85 5.16456e-01 6.31903e+00 161.95
75 274.92 5.24870e-01 5.96200e+00 161.68
76 274.90 5.38067e-01 6.42418e+00 162.18
77 274.96 5.47946e-01 5.98018e+00 161.80
78 274.79 5.61406e-01 6.32063e+00 162.39
79 274.77 5.77576e-01 6.16393e+00 161.84
80 274.79 5.92636e-01 6.22346e+00 162.07
81 274.78 6.06597e-01 6.10958e+00 161.75
82 274.79 6.20742e-01 6.49495e+00 161.08
83 274.83 6.33289e-01 6.30480e+00 162.67
84 274.89 6.47388e-01 5.58531e+00 162.10
85 274.79 6.62286e-01 5.80708e+00 162.02
86 274.80 6.76337e-01 6.10404e+00 162.33
87 274.81 6.90158e-01 6.40172e+00 162.15
88 274.76 7.05455e-01 6.26074e+00 161.94
89 274.78 7.20855e-01 6.15493e+00 162.25
90 274.85 7.34534e-01 6.16520e+00 161.90
91 274.89 7.46581e-01 6.05352e+00 162.16
92 274.91 7.60035e-01 6.07258e+00 162.11
93 274.90 7.72754e-01 6.24093e+00 162.15
94 274.89 7.85805e-01 5.95091e+00 162.04
95 274.93 7.99283e-01 6.23474e+00 161.54
96 274.97 8.12114e-01 6.31768e+00 162.41
97 274.90 8.25324e-01 6.22135e+00 162.49
98 274.95 8.38771e-01 6.29655e+00 161.99
99 274.89 8.53205e-01 6.39814e+00 162.35
100 275.01 8.65759e-01 6.05544e+00 162.40
101 274.91 8.78633e-01 6.29693e+00 162.27
102 274.87 8.91736e-01 6.34478e+00 162.49
103 274.87 9.04680e-01 6.32393e+00 161.41
104 274.88 9.18629e-01 6.07281e+00 161.82
105 274.84 9.32690e-01 6.24473e+00 162.58
106 274.75 9.47564e-01 6.05815e+00 162.50
107 274.76 9.61193e-01 6.36901e+00 161.86
108 274.82 9.73914e-01 6.27909e+00 161.85
109 274.81 9.87755e-01 6.09527e+00 162.34
110 274.88 1.00108e+00 6.31933e+00 161.58
111 274.95 1.01387e+00 6.23313e+00 161.97
112 274.94 1.02691e+00 6.14625e+00 161.96
113 274.93 1.04027e+00 6.01490e+00 162.40
114 274.96 1.05370e+00 6.24233e+00 161.94
115 274.97 1.06624e+00 6.40269e+00 162.14
116 274.89 1.07814e+00 5.90748e+00 162.28
117 274.86 1.09045e+00 6.38683e+00 161.85
118 274.81 1.10324e+00 5.97114e+00 162.44
119 274.81 1.11698e+00 5.88693e+00 162.86
120 274.78 1.12845e+00 5.93422e+00 162.55
121 274.81 1.14123e+00 6.45528e+00 162.77
122 274.79 1.15265e+00 6.03307e+00 162.31
123 274.81 1.16431e+00 6.04441e+00 162.18
124 274.74 1.17608e+00 6.25551e+00 162.60
125 274.81 1.18830e+00 6.33453e+00 162.11
126 274.78 1.20080e+00 6.83977e+00 162.23
127 274.83 1.21201e+00 6.22955e+00 161.87
128 274.77 1.22418e+00 6.26627e+00 161.90
129 274.81 1.23573e+00 6.57379e+00 162.45
130 274.73 1.24814e+00 5.96724e+00 161.84
131 274.74 1.25942e+00 6.51098e+00 161.29
132 274.88 1.26882e+00 6.41327e+00 161.78
133 274.90 1.27968e+00 6.31887e+00 161.87
134 274.83 1.29026e+00 6.17801e+00 162.47
135 274.83 1.30001e+00 6.25710e+00 161.83
136 274.88 1.30824e+00 6.21002e+00 162.25
137 274.77 1.31828e+00 5.89386e+00 161.88
138 274.84 1.32757e+00 6.09377e+00 162.45
139 274.75 1.33819e+00 6.43334e+00 162.18
140 274.75 1.34714e+00 6.07390e+00 162.33
141 274.71 1.35653e+00 6.54052e+00 162.19
142 274.88 1.36263e+00 6.07302e+00 162.08
143 274.79 1.37050e+00 6.03799e+00 162.35
144 274.73 1.38004e+00 5.88152e+00 162.12
145 274.79 1.38763e+00 6.41094e+00 162.23
146 274.85 1.39502e+00 6.31473e+00 162.40
147 274.82 1.40323e+00 6.36928e+00 161.93
148 274.78 1.41217e+00 6.26514e+00 161.81
149 274.79 1.41904e+00 5.75342e+00 161.85
150 274.68 1.42839e+00 6.20067e+00 162.11
151 274.71 1.43736e+00 6.79621e+00 162.02
152 274.76 1.44400e+00 6.56706e+00 162.25
153 274.77 1.45206e+00 6.19028e+00 162.03
154 274.66 1.45873e+00 5.97844e+00 162.01
155 274.65 1.46436e+00 6.02030e+00 162.03
156 274.58 1.47180e+00 5.83237e+00 161.82
157 274.53 1.48154e+00 6.28586e+00 161.40
158 274.62 1.48488e+00 6.55081e+00 161.75
159 274.55 1.48948e+00 6.11516e+00 161.93
160 274.58 1.49577e+00 6.48704e+00 162.35
161 274.66 1.49905e+00 6.11289e+00 162.35
162 274.58 1.50381e+00 5.93884e+00 161.96
163 274.57 1.50874e+00 5.66845e+00 162.71
164 274.61 1.51216e+00 6.44293e+00 162.40
165 274.69 1.51571e+00 6.10884e+00 161.85
166 274.58 1.52052e+00 6.09769e+00 161.85
167 274.72 1.52264e+00 6.40453e+00 162.41
168 274.68 1.52628e+00 6.22220e+00 162.05
169 274.62 1.53063e+00 5.69964e+00 162.23
170 274.56 1.53481e+00 6.06711e+00 162.33
171 274.59 1.53783e+00 6.23065e+00 161.71
172 274.59 1.54131e+00 6.22778e+00 161.62
173 274.56 1.54644e+00 5.90822e+00 162.11
174 274.51 1.55277e+00 6.03641e+00 162.33
175 274.56 1.55544e+00 6.53816e+00 161.98
176 274.51 1.56024e+00 6.33933e+00 161.81
177 274.45 1.56899e+00 6.61346e+00 162.35
178 274.52 1.57247e+00 6.00492e+00 162.28
179 274.52 1.57727e+00 6.12411e+00 162.02
180 274.51 1.58272e+00 6.23855e+00 162.30
181 274.53 1.58669e+00 5.97318e+00 161.95
182 274.51 1.59205e+00 6.30156e+00 162.18
183 274.62 1.59545e+00 6.40304e+00 162.20
184 274.71 1.59970e+00 6.45681e+00 162.01
185 274.65 1.60413e+00 6.19593e+00 161.90
186 274.55 1.61117e+00 6.07311e+00 162.20
187 274.49 1.61703e+00 6.17147e+00 162.16
188 274.53 1.62051e+00 5.95989e+00 162.30
189 274.56 1.62540e+00 6.10306e+00 161.80
190 274.52 1.63155e+00 6.10333e+00 161.93
191 274.58 1.63828e+00 6.14513e+00 162.62
192 274.58 1.64345e+00 6.04596e+00 162.16
193 274.55 1.64882e+00 6.22746e+00 161.58
194 274.56 1.65412e+00 6.29279e+00 161.79
195 274.55 1.65972e+00 6.01758e+00 162.34
196 274.56 1.66575e+00 5.93661e+00 162.32
197 274.50 1.67015e+00 5.41185e+00 162.18
198 274.33 1.67978e+00 5.66002e+00 161.96
199 274.35 1.68833e+00 6.27988e+00 162.21
200 274.34 1.69712e+00 6.40905e+00 161.95
201 274.35 1.70544e+00 6.33578e+00 161.88
202 274.34 1.71302e+00 5.99053e+00 161.36
203 274.29 1.72273e+00 6.33226e+00 161.89
204 274.30 1.73225e+00 6.22083e+00 161.73
205 274.28 1.74166e+00 6.34792e+00 161.92
206 274.27 1.75090e+00 6.39468e+00 161.59
207 274.36 1.75813e+00 6.23521e+00 161.61
208 274.27 1.76725e+00 6.21413e+00 162.02
209 274.31 1.77564e+00 6.41097e+00 162.26
210 274.27 1.78370e+00 6.23746e+00 162.28
211 274.32 1.79360e+00 6.33418e+00 162.08
212 274.31 1.80216e+00 6.29886e+00 162.10
213 274.28 1.81016e+00 6.36133e+00 161.73
214 274.30 1.81910e+00 6.29047e+00 162.09
215 274.25 1.82691e+00 6.08133e+00 161.84
216 274.22 1.83778e+00 6.18039e+00 161.44
217 274.22 1.84695e+00 6.50680e+00 161.61
218 274.26 1.85647e+00 6.31563e+00 161.70
219 274.21 1.86484e+00 5.98708e+00 161.75
220 274.15 1.87461e+00 6.17983e+00 161.95
221 274.20 1.88478e+00 5.71177e+00 161.77
222 274.11 1.89599e+00 5.73664e+00 161.92
223 274.09 1.90562e+00 6.07204e+00 161.89
224 274.04 1.91510e+00 5.78445e+00 162.01
225 274.01 1.92822e+00 6.36781e+00 161.78
226 274.07 1.94217e+00 6.51973e+00 161.77
227 274.11 1.95074e+00 6.06083e+00 162.19
228 274.03 1.96435e+00 6.28378e+00 161.84
229 274.14 1.97665e+00 6.42655e+00 162.09
230 274.12 1.98743e+00 6.15549e+00 162.15
231 274.15 1.99875e+00 6.22746e+00 161.89
232 274.15 2.00943e+00 6.40714e+00 161.77
233 274.15 2.02038e+00 6.24979e+00 161.99
234 274.18 2.02981e+00 6.09153e+00 161.91
235 274.05 2.04073e+00 5.69039e+00 161.81
236 274.12 2.05056e+00 5.88389e+00 162.30
237 274.03 2.06107e+00 6.11448e+00 162.22
238 274.06 2.07168e+00 6.38208e+00 161.40
239 274.13 2.08203e+00 5.94966e+00 161.81
240 274.10 2.09185e+00 6.09989e+00 161.64
241 274.10 2.10148e+00 6.00617e+00 161.63
242 274.07 2.11057e+00 6.16691e+00 161.82
243 274.00 2.12180e+00 6.31546e+00 162.41
244 274.11 2.12996e+00 5.96554e+00 161.98
245 273.97 2.14036e+00 6.14097e+00 161.63
246 273.96 2.15227e+00 6.43107e+00 162.04
247 273.95 2.16176e+00 6.19809e+00 161.78
248 273.94 2.17180e+00 5.88315e+00 161.32
249 273.88 2.18247e+00 6.00246e+00 161.96
250 273.90 2.19436e+00 6.26954e+00 161.56
251 273.96 2.20362e+00 6.16412e+00 161.36
252 273.88 2.21398e+00 5.82323e+00 161.90
253 273.93 2.22381e+00 6.22621e+00 161.82
254 273.92 2.23283e+00 6.07621e+00 162.07
255 273.85 2.24319e+00 6.38834e+00 161.63
256 273.85 2.25353e+00 6.63917e+00 161.70
257 274.02 2.26143e+00 6.24797e+00 161.76
258 273.96 2.27085e+00 6.02828e+00 161.75
259 273.96 2.27988e+00 5.72166e+00 161.78
260 273.98 2.28790e+00 5.80495e+00 161.94
261 273.90 2.29480e+00 6.11494e+00 161.77
262 274.01 2.30114e+00 5.93968e+00 162.14
263 273.87 2.30862e+00 5.89895e+00 161.78
264 273.82 2.31793e+00 6.39450e+00 161.95
265 273.93 2.32358e+00 6.12269e+00 162.29
266 273.87 2.33222e+00 6.22588e+00 162.13
267 273.89 2.34018e+00 6.59185e+00 161.86
268 273.94 2.34792e+00 6.45615e+00 162.24
269 273.96 2.35481e+00 6.00440e+00 162.23
270 273.95 2.36185e+00 5.97194e+00 161.89
271 273.94 2.37023e+00 5.72592e+00 162.07
272 273.81 2.38110e+00 6.12255e+00 162.33
273 273.90 2.38978e+00 5.99057e+00 162.20
274 273.87 2.39750e+00 6.01773e+00 162.12
275 273.91 2.40487e+00 6.07563e+00 161.88
276 273.94 2.41315e+00 6.22006e+00 162.12
277 274.05 2.41917e+00 6.18361e+00 162.28
278 274.00 2.42497e+00 5.92747e+00 161.76
279 273.91 2.43102e+00 6.09445e+00 161.44
280 273.87 2.43831e+00 6.38867e+00 161.71
281 273.89 2.44429e+00 6.08123e+00 161.75
282 273.80 2.45151e+00 6.06667e+00 161.27
283 273.72 2.46056e+00 5.79666e+00 162.01
284 273.62 2.47188e+00 6.10023e+00 161.99
285 273.69 2.48253e+00 6.12080e+00 161.88
286 273.56 2.49251e+00 5.88604e+00 161.95
287 273.52 2.50519e+00 6.29713e+00 161.87
288 273.53 2.51882e+00 6.34096e+00 161.81
289 273.65 2.52947e+00 6.04811e+00 161.78
290 273.54 2.53863e+00 5.97300e+00 161.81
291 273.49 2.54958e+00 5.77056e+00 162.10
292 273.44 2.56157e+00 5.84898e+00 161.36
293 273.60 2.56933e+00 6.07557e+00 161.44
294 273.53 2.57832e+00 6.12975e+00 161.61
295 273.40 2.58942e+00 6.34759e+00 161.87
296 273.35 2.60099e+00 6.23146e+00 162.25
297 273.49 2.61212e+00 5.88232e+00 161.50
298 273.50 2.62006e+00 6.38171e+00 161.70
299 273.57 2.62864e+00 6.18628e+00 161.91
300 273.53 2.63774e+00 5.81181e+00 161.90
301 273.29 2.64908e+00 5.84806e+00 162.00
302 273.25 2.65972e+00 6.39858e+00 161.71
303 273.31 2.67014e+00 6.24091e+00 161.48
304 273.20 2.68171e+00 5.75206e+00 161.57
305 273.18 2.69310e+00 5.96414e+00 161.64
306 273.23 2.70385e+00 6.00012e+00 161.97
307 273.22 2.71436e+00 5.77240e+00 161.98
308 273.18 2.72580e+00 6.24108e+00 162.37
309 273.15 2.73529e+00 5.62430e+00 161.92
310 272.98 2.75048e+00 5.77189e+00 161.34
311 272.93 2.76746e+00 6.32638e+00 161.14
312 273.09 2.78054e+00 5.95198e+00 162.01
313 273.08 2.79252e+00 6.26814e+00 161.94
314 273.10 2.80541e+00 5.89365e+00 161.99
315 272.97 2.81998e+00 5.94695e+00 162.24
316 273.00 2.83284e+00 5.87818e+00 161.89
317 273.00 2.84310e+00 6.34546e+00 162.09
318 273.09 2.85642e+00 6.10380e+00 161.57
319 273.03 2.87035e+00 6.09788e+00 161.80
320 272.95 2.88292e+00 6.07082e+00 161.31
321 272.99 2.89553e+00 5.86889e+00 162.01
322 272.93 2.90880e+00 6.03784e+00 162.11
323 272.97 2.92467e+00 5.81726e+00 161.63
324 272.93 2.93643e+00 5.46849e+00 161.60
325 272.83 2.95068e+00 6.09626e+00 161.84
326 272.74 2.96659e+00 5.96815e+00 162.34
327 272.75 2.98263e+00 6.24523e+00 161.65
328 272.65 2.99732e+00 5.75084e+00 161.41
329 272.69 3.01438e+00 6.26710e+00 161.70
330 272.65 3.03120e+00 5.97091e+00 161.58
331 272.65 3.04860e+00 5.96491e+00 161.99
332 272.52 3.06618e+00 5.63376e+00 161.88
333 272.42 3.08812e+00 6.01473e+00 161.81
334 272.35 3.10680e+00 5.97312e+00 161.98
335 272.32 3.12626e+00 5.77304e+00 162.31
336 272.33 3.14471e+00 5.41845e+00 161.72
337 272.24 3.16341e+00 5.49181e+00 161.58
338 272.30 3.18191e+00 6.14627e+00 161.96
339 272.35 3.20061e+00 5.84343e+00 162.00
340 272.26 3.22011e+00 5.88851e+00 161.68
341 272.27 3.23936e+00 6.19471e+00 162.00
342 272.31 3.25738e+00 5.98172e+00 161.40
343 272.25 3.27489e+00 5.73766e+00 161.77
344 272.13 3.29349e+00 6.04942e+00 161.69
345 272.05 3.31380e+00 6.06507e+00 161.68
346 272.02 3.33399e+00 5.47266e+00 161.94
347 271.95 3.35599e+00 5.55770e+00 161.14
348 272.01 3.37404e+00 5.88044e+00 161.98
349 271.89 3.39337e+00 5.63249e+00 161.89
350 271.83 3.41623e+00 5.65023e+00 161.17
351 271.80 3.43976e+00 5.59229e+00 161.82
352 271.73 3.46289e+00 5.57160e+00 161.96
353 271.67 3.48634e+00 5.53861e+00 161.90
354 271.64 3.51029e+00 5.72396e+00 161.58
355 271.64 3.53432e+00 5.46949e+00 161.48
356 271.67 3.55553e+00 5.33827e+00 161.56
357 271.55 3.57817e+00 5.30048e+00 161.92
358 271.49 3.60142e+00 5.11685e+00 161.80
359 271.37 3.62648e+00 5.34599e+00 161.23
360 271.33 3.65340e+00 6.09692e+00 161.78
361 271.22 3.68054e+00 5.46750e+00 161.72
362 271.07 3.71021e+00 5.58691e+00 161.58
363 270.94 3.74225e+00 5.40299e+00 161.65
364 270.87 3.77657e+00 5.73226e+00 161.71
365 270.93 3.81195e+00 5.77907e+00 161.41
366 270.89 3.84302e+00 5.46387e+00 161.26
367 270.60 3.87496e+00 5.18064e+00 161.64
368 270.57 3.91102e+00 5.28272e+00 161.66
369 270.40 3.95078e+00 5.57583e+00 161.83
370 270.23 3.99392e+00 5.28584e+00 161.54
371 270.20 4.03706e+00 5.65913e+00 162.19
372 270.09 4.07888e+00 5.11058e+00 161.90
373 269.94 4.12220e+00 5.28638e+00 161.36
374 269.93 4.16248e+00 5.09323e+00 161.33
375 269.78 4.20931e+00 4.91657e+00 161.62
376 269.64 4.25750e+00 4.84777e+00 161.43
377 269.53 4.30687e+00 5.00022e+00 161.51
378 269.32 4.35936e+00 4.64074e+00 161.58
379 269.06 4.41880e+00 5.04347e+00 161.33
380 268.94 4.48068e+00 5.06228e+00 161.35
381 268.81 4.54240e+00 5.21637e+00 162.11
382 268.65 4.60545e+00 4.78556e+00 161.72
383 268.46 4.67126e+00 4.71872e+00 161.24
384 268.27 4.73903e+00 4.82520e+00 160.98
385 268.15 4.80765e+00 4.72089e+00 161.35
386 267.96 4.87899e+00 4.73666e+00 161.31
387 267.87 4.95247e+00 5.25572e+00 161.41
388 267.74 5.02236e+00 4.81768e+00 161.79
389 267.48 5.09997e+00 4.81814e+00 161.34
390 267.33 5.17543e+00 5.11282e+00 161.46
391 267.16 5.25185e+00 4.72152e+00 161.30
392 267.05 5.32699e+00 4.84295e+00 161.21
393 267.06 5.39773e+00 4.70551e+00 161.51
394 266.80 5.47443e+00 4.66254e+00 161.41
395 266.46 5.55777e+00 4.60766e+00 161.35
396 266.26 5.64756e+00 4.66784e+00 160.89
397 265.93 5.74011e+00 4.79425e+00 160.90
398 265.83 5.83426e+00 5.18483e+00 161.53
399 265.60 5.92914e+00 4.91821e+00 161.01
