0 239.32 2.76660e+00 2.05555e+01 0.72
1 238.69 4.30908e+00 4.11276e+01 0.80
2 237.21 5.35952e+00 4.11930e+01 0.80
3 234.38 6.04615e+00 4.09223e+01 0.80
4 232.39 6.45747e+00 4.06423e+01 0.81
5 231.19 6.65756e+00 4.01595e+01 0.81
6 230.15 6.77114e+00 4.09640e+01 0.81
7 229.83 6.85008e+00 4.03577e+01 0.81
8 229.85 6.90759e+00 4.03625e+01 0.81
9 229.32 6.95456e+00 4.06435e+01 0.81
10 229.71 6.99572e+00 4.01457e+01 0.81
11 229.55 7.03107e+00 4.01556e+01 0.81
12 229.39 7.06136e+00 4.03375e+01 0.81
13 229.42 7.08860e+00 4.03264e+01 0.81
14 229.38 7.11369e+00 4.00677e+01 0.81
15 229.27 7.13722e+00 4.00696e+01 0.81
16 229.23 7.15833e+00 4.04052e+01 0.81
17 229.11 7.17664e+00 4.01644e+01 0.81
18 229.25 7.19221e+00 3.99533e+01 0.81
19 229.04 7.20553e+00 4.02784e+01 0.81
20 228.95 7.21702e+00 4.02833e+01 0.81
21 229.14 7.22714e+00 4.00644e+01 0.81
22 229.10 7.23608e+00 4.00129e+01 0.81
23 229.19 7.24442e+00 4.01950e+01 0.81
24 229.03 7.25183e+00 3.99709e+01 0.81
25 228.77 7.25781e+00 4.05683e+01 0.81
26 228.97 7.26340e+00 4.03259e+01 0.81
27 229.19 7.26818e+00 4.03836e+01 0.81
28 229.18 7.27259e+00 3.98444e+01 0.81
29 229.04 7.27662e+00 4.03524e+01 0.81
30 229.17 7.28020e+00 4.01789e+01 0.81
31 229.03 7.28363e+00 4.02902e+01 0.81
32 229.00 7.28674e+00 4.02299e+01 0.81
33 229.27 7.28950e+00 4.03232e+01 0.81
34 232.73 7.25098e+00 4.06691e+01 0.81
35 228.92 7.29203e+00 4.00457e+01 0.81
36 229.20 7.29439e+00 3.98259e+01 0.81
37 228.86 7.29674e+00 4.02102e+01 0.81
38 229.00 7.29876e+00 4.01109e+01 0.81
39 228.97 7.30053e+00 4.04020e+01 0.81
40 228.98 7.30221e+00 3.99317e+01 0.81
41 228.98 7.30352e+00 4.02147e+01 0.81
42 229.13 7.30443e+00 4.00765e+01 0.81
43 228.86 7.30527e+00 4.02081e+01 0.81
44 229.13 7.30633e+00 3.94414e+01 0.81
45 232.63 7.25097e+00 4.03391e+01 0.81
46 228.79 7.30738e+00 4.03103e+01 0.81
47 228.83 7.30822e+00 4.06025e+01 0.81
48 229.14 7.30896e+00 4.04451e+01 0.81
49 228.95 7.30970e+00 4.01897e+01 0.81
50 228.78 7.31038e+00 4.02964e+01 0.81
51 229.05 7.31098e+00 4.02364e+01 0.81
52 228.85 7.31159e+00 4.02338e+01 0.81
53 228.80 7.31215e+00 4.04111e+01 0.81
54 229.00 7.31272e+00 3.97738e+01 0.81
55 228.86 7.31329e+00 4.01753e+01 0.81
56 228.96 7.31377e+00 3.98822e+01 0.81
57 229.02 7.31428e+00 3.93380e+01 0.81
58 228.97 7.31471e+00 3.98133e+01 0.81
59 228.70 7.31512e+00 4.01034e+01 0.81
60 228.96 7.31556e+00 3.99543e+01 0.81
61 228.96 7.31596e+00 3.99715e+01 0.81
62 228.90 7.31628e+00 4.01680e+01 0.81
63 228.84 7.31659e+00 4.01374e+01 0.81
64 228.96 7.31687e+00 3.98329e+01 0.81
65 228.82 7.31714e+00 4.04542e+01 0.81
66 229.12 7.31738e+00 3.98554e+01 0.81
67 228.92 7.31764e+00 3.97601e+01 0.81
68 228.86 7.31794e+00 4.03193e+01 0.81
69 228.82 7.31815e+00 4.00302e+01 0.81
70 229.11 7.31838e+00 4.01873e+01 0.81
71 229.18 7.31860e+00 4.01427e+01 0.81
72 228.89 7.31885e+00 4.04436e+01 0.81
73 228.93 7.31908e+00 4.03525e+01 0.81
74 228.99 7.31931e+00 4.02562e+01 0.81
75 229.03 7.31954e+00 4.02512e+01 0.81
76 228.95 7.31973e+00 4.02792e+01 0.81
77 228.77 7.31990e+00 4.00577e+01 0.81
78 229.03 7.32005e+00 3.99669e+01 0.81
79 228.75 7.32019e+00 4.02094e+01 0.81
80 228.85 7.32032e+00 4.01199e+01 0.81
81 229.03 7.32041e+00 4.00862e+01 0.81
82 228.88 7.32049e+00 3.96196e+01 0.81
83 228.84 7.32059e+00 3.98634e+01 0.81
84 228.96 7.32068e+00 4.00928e+01 0.81
85 228.71 7.32076e+00 4.00979e+01 0.81
86 229.00 7.32085e+00 3.99805e+01 0.81
87 229.16 7.32091e+00 3.97154e+01 0.81
88 229.00 7.32098e+00 3.99603e+01 0.81
89 229.13 7.32105e+00 3.95874e+01 0.81
90 229.14 7.32107e+00 4.01566e+01 0.81
91 228.93 7.32110e+00 4.02923e+01 0.81
92 229.19 7.32113e+00 4.05320e+01 0.81
93 228.77 7.32117e+00 4.01128e+01 0.81
94 228.98 7.32121e+00 4.02227e+01 0.81
95 229.12 7.32125e+00 3.95134e+01 0.81
96 228.88 7.32128e+00 4.03046e+01 0.81
97 228.99 7.32129e+00 3.96113e+01 0.81
98 228.91 7.32129e+00 4.00688e+01 0.81
99 228.48 7.32129e+00 4.03903e+01 0.81
100 228.85 7.32129e+00 4.04496e+01 0.81
101 229.06 7.32129e+00 4.03421e+01 0.81
102 228.82 7.32130e+00 4.03984e+01 0.81
103 229.11 7.32129e+00 3.95155e+01 0.81
104 228.95 7.32129e+00 3.98448e+01 0.81
105 228.87 7.32130e+00 3.99410e+01 0.81
106 228.89 7.32129e+00 4.03103e+01 0.81
107 229.05 7.32129e+00 4.00843e+01 0.81
108 228.96 7.32130e+00 4.01663e+01 0.81
109 228.93 7.32129e+00 4.00897e+01 0.81
110 228.91 7.32129e+00 4.02605e+01 0.81
111 228.96 7.32129e+00 4.04520e+01 0.81
112 229.05 7.32129e+00 4.02837e+01 0.81
113 228.92 7.32129e+00 4.01150e+01 0.81
114 229.04 7.32129e+00 3.97344e+01 0.81
115 228.93 7.32129e+00 4.01271e+01 0.81
116 228.72 7.32129e+00 3.99532e+01 0.81
117 228.82 7.32129e+00 4.02433e+01 0.81
118 229.28 7.32129e+00 3.96064e+01 0.81
119 228.83 7.32132e+00 4.00148e+01 0.81
120 228.79 7.32129e+00 4.01280e+01 0.81
121 228.93 7.32129e+00 4.04635e+01 0.81
122 229.04 7.32129e+00 4.02323e+01 0.81
123 229.25 7.32129e+00 3.98276e+01 0.81
124 228.99 7.32131e+00 4.03491e+01 0.81
125 228.80 7.32129e+00 4.04236e+01 0.81
126 229.25 7.32129e+00 3.96609e+01 0.81
127 228.86 7.32129e+00 4.04144e+01 0.81
128 228.99 7.32129e+00 4.01757e+01 0.81
129 228.95 7.32129e+00 4.00194e+01 0.81
130 228.83 7.32129e+00 4.05241e+01 0.81
131 228.77 7.32129e+00 4.02768e+01 0.81
132 228.88 7.32129e+00 3.99584e+01 0.81
133 228.94 7.32129e+00 3.99659e+01 0.81
134 228.73 7.32129e+00 4.03413e+01 0.81
135 229.16 7.32129e+00 3.97062e+01 0.81
136 228.80 7.32131e+00 4.00395e+01 0.81
137 229.20 7.32129e+00 4.01747e+01 0.81
138 228.84 7.32129e+00 4.02544e+01 0.81
139 228.93 7.32129e+00 4.00833e+01 0.81
140 228.99 7.32129e+00 3.98687e+01 0.81
141 228.77 7.32129e+00 4.02603e+01 0.81
142 229.20 7.32129e+00 4.01430e+01 0.81
143 228.91 7.32129e+00 4.05476e+01 0.81
144 229.09 7.32129e+00 4.00246e+01 0.81
145 229.09 7.32129e+00 4.00812e+01 0.81
146 228.77 7.32130e+00 4.01891e+01 0.81
147 229.08 7.32129e+00 3.96646e+01 0.81
148 228.91 7.32129e+00 4.02566e+01 0.81
149 228.84 7.32129e+00 4.01031e+01 0.81
150 228.83 7.32129e+00 3.99257e+01 0.81
151 229.12 7.32129e+00 3.94617e+01 0.81
152 228.83 7.32129e+00 4.01099e+01 0.81
153 229.05 7.32129e+00 3.96155e+01 0.81
154 229.08 7.32134e+00 3.95918e+01 0.81
155 228.86 7.32129e+00 4.01003e+01 0.81
156 228.80 7.32129e+00 4.02405e+01 0.81
157 228.93 7.32129e+00 3.99016e+01 0.81
158 228.91 7.32129e+00 4.02202e+01 0.81
159 229.18 7.32129e+00 3.98906e+01 0.81
160 228.99 7.32129e+00 4.02172e+01 0.81
161 228.90 7.32129e+00 4.00772e+01 0.81
162 228.89 7.32129e+00 4.04190e+01 0.81
163 228.72 7.32132e+00 4.03004e+01 0.81
164 228.83 7.32130e+00 4.03787e+01 0.81
165 229.02 7.32129e+00 3.99969e+01 0.81
166 229.15 7.32130e+00 4.02834e+01 0.81
167 229.01 7.32129e+00 3.99881e+01 0.81
168 229.03 7.32129e+00 3.99383e+01 0.81
169 228.98 7.32129e+00 4.01321e+01 0.81
170 228.81 7.32130e+00 4.02407e+01 0.81
171 229.02 7.32129e+00 3.95885e+01 0.81
172 228.97 7.32129e+00 4.03945e+01 0.81
173 228.67 7.32129e+00 4.00546e+01 0.81
174 229.04 7.32129e+00 3.95231e+01 0.81
175 228.92 7.32130e+00 3.99653e+01 0.81
176 228.83 7.32131e+00 4.03656e+01 0.81
177 228.80 7.32129e+00 4.05713e+01 0.81
178 228.91 7.32129e+00 4.02489e+01 0.81
179 228.93 7.32129e+00 3.97202e+01 0.81
180 229.12 7.32130e+00 4.04718e+01 0.81
181 228.81 7.32129e+00 3.95908e+01 0.81
182 229.09 7.32129e+00 4.00058e+01 0.81
183 228.76 7.32129e+00 4.01786e+01 0.81
184 229.03 7.32129e+00 4.01566e+01 0.81
185 228.85 7.32129e+00 4.00058e+01 0.81
186 228.85 7.32129e+00 4.02949e+01 0.81
187 228.81 7.32129e+00 4.05110e+01 0.81
188 228.96 7.32131e+00 4.00765e+01 0.81
189 228.99 7.32129e+00 4.03410e+01 0.81
190 228.87 7.32129e+00 4.00107e+01 0.81
191 228.91 7.32129e+00 3.98870e+01 0.81
192 228.84 7.32129e+00 4.03540e+01 0.81
193 228.96 7.32131e+00 4.02344e+01 0.81
194 228.89 7.32130e+00 3.94694e+01 0.81
195 228.89 7.32130e+00 4.00072e+01 0.81
196 229.04 7.32129e+00 4.00018e+01 0.81
197 228.71 7.32129e+00 4.01720e+01 0.81
198 228.96 7.32129e+00 3.98243e+01 0.81
199 228.80 7.32129e+00 4.01261e+01 0.81
200 228.87 7.32132e+00 4.02514e+01 0.81
201 228.97 7.32129e+00 4.06232e+01 0.81
202 228.95 7.32129e+00 4.02538e+01 0.81
203 228.93 7.32129e+00 4.05208e+01 0.81
204 228.95 7.32129e+00 4.04148e+01 0.81
205 228.97 7.32129e+00 3.99134e+01 0.81
206 228.85 7.32129e+00 3.96785e+01 0.81
207 228.98 7.32129e+00 4.02064e+01 0.81
208 229.06 7.32129e+00 3.94481e+01 0.81
209 228.74 7.32130e+00 4.01931e+01 0.81
210 229.20 7.32129e+00 3.89165e+01 0.81
211 228.94 7.32130e+00 3.98463e+01 0.81
212 228.89 7.32129e+00 4.01644e+01 0.81
213 228.82 7.32132e+00 4.06923e+01 0.81
214 229.07 7.32132e+00 3.99808e+01 0.81
215 229.07 7.32129e+00 4.03587e+01 0.81
216 229.07 7.32129e+00 3.97833e+01 0.81
217 228.84 7.32129e+00 4.00165e+01 0.81
218 229.03 7.32129e+00 4.00693e+01 0.81
219 229.28 7.32129e+00 4.00469e+01 0.81
220 228.68 7.32129e+00 4.00849e+01 0.81
221 229.08 7.32129e+00 3.97648e+01 0.81
222 228.81 7.32130e+00 4.02821e+01 0.81
223 229.16 7.32129e+00 3.97742e+01 0.81
224 229.07 7.32130e+00 4.02076e+01 0.81
225 228.87 7.32129e+00 4.01749e+01 0.81
226 228.87 7.32129e+00 4.01392e+01 0.81
227 228.93 7.32129e+00 3.99859e+01 0.81
228 228.90 7.32129e+00 4.00997e+01 0.81
229 228.87 7.32129e+00 4.01749e+01 0.81
230 229.19 7.32131e+00 3.95718e+01 0.81
231 228.81 7.32133e+00 4.01655e+01 0.81
232 228.60 7.32131e+00 4.04966e+01 0.81
233 229.14 7.32129e+00 4.02229e+01 0.81
234 228.95 7.32129e+00 4.04041e+01 0.81
235 228.85 7.32129e+00 4.04046e+01 0.81
236 229.16 7.32129e+00 3.98993e+01 0.81
237 228.79 7.32130e+00 4.00738e+01 0.81
238 228.82 7.32129e+00 4.03055e+01 0.81
239 229.06 7.32129e+00 4.01484e+01 0.81
240 228.83 7.32129e+00 4.01216e+01 0.81
241 228.86 7.32129e+00 4.02811e+01 0.81
242 228.92 7.32129e+00 3.98553e+01 0.81
243 228.87 7.32129e+00 4.03206e+01 0.81
244 229.25 7.32130e+00 3.95838e+01 0.81
245 228.74 7.32189e+00 3.97059e+01 0.81
246 228.94 7.32309e+00 3.97661e+01 0.81
247 228.65 7.32392e+00 4.00168e+01 0.81
248 228.63 7.32448e+00 4.04500e+01 0.81
249 228.80 7.32496e+00 4.00958e+01 0.81
250 228.89 7.32540e+00 3.98980e+01 0.81
251 228.81 7.32583e+00 3.99666e+01 0.81
252 228.80 7.32618e+00 3.99500e+01 0.81
253 228.81 7.32651e+00 4.02600e+01 0.81
254 228.91 7.32685e+00 4.01617e+01 0.81
255 228.93 7.32719e+00 4.03959e+01 0.81
256 228.93 7.32749e+00 3.97187e+01 0.81
257 228.81 7.32769e+00 4.00685e+01 0.81
258 229.05 7.32795e+00 3.96294e+01 0.81
259 228.90 7.32822e+00 3.94160e+01 0.81
260 228.74 7.32845e+00 4.01035e+01 0.81
261 228.72 7.32867e+00 4.01096e+01 0.81
262 228.91 7.32888e+00 4.00009e+01 0.81
263 228.70 7.32912e+00 4.02229e+01 0.81
264 228.93 7.32935e+00 3.94441e+01 0.81
265 228.98 7.32963e+00 3.96689e+01 0.81
266 228.85 7.32986e+00 3.98474e+01 0.81
267 228.84 7.33005e+00 4.00925e+01 0.81
268 228.65 7.33022e+00 4.03580e+01 0.81
269 228.91 7.33038e+00 4.02873e+01 0.81
270 229.00 7.33054e+00 4.00015e+01 0.81
271 228.86 7.33073e+00 4.01525e+01 0.81
272 228.78 7.33090e+00 4.01206e+01 0.81
273 229.13 7.33103e+00 3.97622e+01 0.81
274 228.79 7.33118e+00 4.02128e+01 0.81
275 228.73 7.33135e+00 4.02418e+01 0.81
276 228.92 7.33151e+00 3.98317e+01 0.81
277 228.69 7.33169e+00 4.04736e+01 0.81
278 228.81 7.33181e+00 4.02696e+01 0.81
279 228.81 7.33195e+00 3.98606e+01 0.81
280 228.83 7.33206e+00 4.03545e+01 0.81
281 228.99 7.33214e+00 4.00802e+01 0.81
282 228.85 7.33225e+00 4.03806e+01 0.81
283 228.70 7.33237e+00 3.99971e+01 0.81
284 228.94 7.33249e+00 3.97233e+01 0.81
285 228.84 7.33262e+00 4.01577e+01 0.81
286 228.79 7.33274e+00 4.00413e+01 0.81
287 228.93 7.33285e+00 3.96845e+01 0.81
288 228.75 7.33296e+00 4.02064e+01 0.81
289 228.87 7.33307e+00 4.00430e+01 0.81
290 228.94 7.33317e+00 4.02041e+01 0.81
291 228.83 7.33328e+00 4.01726e+01 0.81
292 228.90 7.33339e+00 3.99110e+01 0.81
293 228.71 7.33347e+00 4.02112e+01 0.81
294 228.97 7.33355e+00 4.00016e+01 0.81
295 228.75 7.33367e+00 3.99749e+01 0.81
296 228.93 7.33379e+00 3.95997e+01 0.81
297 228.57 7.33390e+00 4.02062e+01 0.81
298 228.81 7.33399e+00 4.02897e+01 0.81
299 228.80 7.33405e+00 4.00167e+01 0.81
300 229.03 7.33412e+00 3.99277e+01 0.81
301 228.82 7.33417e+00 4.03403e+01 0.81
302 228.81 7.33419e+00 3.99680e+01 0.81
303 228.82 7.33421e+00 3.99784e+01 0.81
304 228.90 7.33420e+00 4.04281e+01 0.81
305 228.80 7.33422e+00 4.01518e+01 0.81
306 228.88 7.33426e+00 4.02143e+01 0.81
307 228.93 7.33428e+00 4.05037e+01 0.81
308 228.80 7.33431e+00 4.03288e+01 0.81
309 228.86 7.33431e+00 4.03857e+01 0.81
310 228.91 7.33435e+00 3.99349e+01 0.81
311 228.81 7.33439e+00 3.94803e+01 0.81
312 228.80 7.33441e+00 4.03008e+01 0.81
313 229.16 7.33442e+00 3.92353e+01 0.81
314 228.71 7.33447e+00 3.99350e+01 0.81
315 228.95 7.33444e+00 3.99957e+01 0.81
316 228.77 7.33444e+00 3.98609e+01 0.81
317 228.95 7.33444e+00 4.00692e+01 0.81
318 228.80 7.33445e+00 4.01964e+01 0.81
319 228.92 7.33446e+00 4.05735e+01 0.81
320 228.80 7.33448e+00 4.03199e+01 0.81
321 229.05 7.33447e+00 3.97722e+01 0.81
322 229.00 7.33448e+00 3.97323e+01 0.81
323 228.71 7.33447e+00 4.04283e+01 0.81
324 228.86 7.33447e+00 4.00332e+01 0.81
325 228.78 7.33447e+00 4.02791e+01 0.81
326 228.78 7.33447e+00 4.02308e+01 0.81
327 229.00 7.33447e+00 4.00819e+01 0.81
328 228.96 7.33446e+00 4.00076e+01 0.81
329 228.84 7.33447e+00 3.95824e+01 0.81
330 228.65 7.33447e+00 4.04203e+01 0.81
331 228.84 7.33448e+00 3.98537e+01 0.81
332 228.82 7.33446e+00 4.02030e+01 0.81
333 229.01 7.33445e+00 4.02790e+01 0.81
334 228.87 7.33446e+00 4.02175e+01 0.81
335 228.78 7.33447e+00 4.03862e+01 0.81
336 229.07 7.33447e+00 3.95054e+01 0.81
337 228.62 7.33449e+00 4.01910e+01 0.81
338 229.01 7.33448e+00 4.00929e+01 0.81
339 228.70 7.33450e+00 4.02046e+01 0.81
340 228.85 7.33446e+00 4.04474e+01 0.81
341 228.81 7.33449e+00 3.98764e+01 0.81
342 229.01 7.33447e+00 4.03725e+01 0.81
343 228.93 7.33445e+00 4.02590e+01 0.81
344 228.75 7.33445e+00 4.02583e+01 0.81
345 228.96 7.33446e+00 4.01673e+01 0.81
346 229.02 7.33447e+00 4.00824e+01 0.81
347 229.12 7.33452e+00 3.94724e+01 0.81
348 228.69 7.33447e+00 4.02370e+01 0.81
349 228.78 7.33447e+00 4.02617e+01 0.81
350 228.88 7.33449e+00 4.03632e+01 0.81
351 228.81 7.33447e+00 4.01872e+01 0.81
352 228.99 7.33447e+00 3.99001e+01 0.81
353 228.52 7.33447e+00 4.01867e+01 0.81
354 228.63 7.33447e+00 4.00775e+01 0.81
355 228.91 7.33446e+00 4.01893e+01 0.81
356 229.03 7.33446e+00 4.02187e+01 0.81
357 228.74 7.33447e+00 4.00794e+01 0.81
358 228.68 7.33447e+00 4.00098e+01 0.81
359 229.02 7.33447e+00 4.01307e+01 0.81
360 228.84 7.33447e+00 4.02247e+01 0.81
361 228.70 7.33447e+00 4.00346e+01 0.81
362 228.79 7.33450e+00 3.99702e+01 0.81
363 228.79 7.33447e+00 4.03143e+01 0.81
364 228.95 7.33447e+00 4.01257e+01 0.81
365 228.90 7.33449e+00 4.00262e+01 0.81
366 228.78 7.33447e+00 4.01377e+01 0.81
367 228.81 7.33447e+00 4.00271e+01 0.81
368 228.84 7.33444e+00 4.03408e+01 0.81
369 228.85 7.33445e+00 4.03730e+01 0.81
370 228.95 7.33446e+00 4.02760e+01 0.81
371 228.98 7.33446e+00 3.92281e+01 0.81
372 228.93 7.33447e+00 4.00292e+01 0.81
373 228.87 7.33447e+00 3.97958e+01 0.81
374 228.92 7.33447e+00 3.94814e+01 0.81
375 228.78 7.33449e+00 4.01707e+01 0.81
376 228.65 7.33448e+00 4.00940e+01 0.81
377 228.74 7.33447e+00 3.99219e+01 0.81
378 228.87 7.33451e+00 3.99938e+01 0.81
379 228.83 7.33447e+00 4.02153e+01 0.81
380 228.89 7.33446e+00 4.04481e+01 0.81
381 228.93 7.33447e+00 3.98284e+01 0.81
382 228.68 7.33447e+00 4.01864e+01 0.81
383 228.86 7.33447e+00 4.03385e+01 0.81
384 228.86 7.33448e+00 3.98450e+01 0.81
385 228.92 7.33447e+00 4.00316e+01 0.81
386 229.04 7.33447e+00 3.97347e+01 0.81
387 228.70 7.33447e+00 4.00696e+01 0.81
388 229.08 7.33447e+00 3.99682e+01 0.81
389 228.79 7.33447e+00 4.04193e+01 0.81
390 228.89 7.33447e+00 4.01544e+01 0.81
391 228.94 7.33447e+00 3.97740e+01 0.81
392 228.93 7.33447e+00 3.97944e+01 0.81
393 228.88 7.33447e+00 4.02219e+01 0.81
394 228.84 7.33447e+00 4.03696e+01 0.81
395 228.65 7.33450e+00 4.03300e+01 0.81
396 228.94 7.33448e+00 4.04612e+01 0.81
397 228.68 7.33447e+00 4.00714e+01 0.81
398 228.81 7.33447e+00 4.01766e+01 0.81
399 228.72 7.33447e+00 4.01391e+01 0.81
