0 269.28 1.55866e+00 1.05191e-01 0.45
1 275.68 9.57198e-01 3.67307e-01 0.34
2 276.79 2.09015e-01 1.22214e+00 0.07
3 277.41 3.40447e-02 1.94600e+00 0.01
4 277.75 3.17150e-03 2.49887e+00 0.00
5 277.96 0.00000e+00 2.22196e+00 0.00
6 277.71 0.00000e+00 2.08806e+00 0.00
7 276.73 0.00000e+00 2.09813e+00 0.00
8 275.75 0.00000e+00 1.85324e+00 0.00
9 275.09 0.00000e+00 2.33847e+00 0.00
10 274.19 1.77510e-03 3.21623e+00 0.00
11 273.26 5.71879e-02 2.82135e+00 0.06
12 272.81 1.26169e-01 2.53125e+00 0.18
13 271.95 3.63732e-01 2.82545e+00 0.50
14 271.92 5.26799e-01 3.93185e+00 0.60
15 271.96 6.79648e-01 5.05061e+00 0.64
16 272.66 6.59652e-01 5.61236e+00 0.55
17 273.31 5.61691e-01 4.56852e+00 0.45
18 273.53 2.94815e-01 3.66784e+00 0.27
19 273.42 2.43720e-01 3.53615e+00 0.22
20 272.73 3.01307e-01 3.40503e+00 0.29
21 271.49 5.43477e-01 4.31059e+00 0.58
22 271.28 7.62216e-01 4.61331e+00 0.68
23 271.58 8.43349e-01 5.22176e+00 0.64
24 271.10 1.02161e+00 5.31284e+00 0.70
25 272.21 9.28445e-01 5.07781e+00 0.57
26 272.28 9.29210e-01 5.24342e+00 0.54
27 271.98 9.85674e-01 4.88191e+00 0.60
28 270.83 1.17576e+00 4.67665e+00 0.71
29 270.89 1.28781e+00 4.79688e+00 0.68
30 270.86 1.40952e+00 4.58240e+00 0.69
31 271.13 1.49139e+00 4.99751e+00 0.67
32 271.37 1.54903e+00 5.31225e+00 0.66
33 270.78 1.69822e+00 5.86332e+00 0.71
34 270.79 1.83500e+00 6.15473e+00 0.72
35 270.89 1.96340e+00 6.68016e+00 0.72
36 272.11 1.75322e+00 5.73763e+00 0.62
37 272.10 1.70725e+00 6.16096e+00 0.58
38 271.31 1.82062e+00 5.97366e+00 0.64
39 271.74 1.89473e+00 6.30795e+00 0.64
40 271.97 1.94160e+00 6.16807e+00 0.63
41 272.59 1.85986e+00 5.29777e+00 0.55
42 271.35 1.97493e+00 5.41744e+00 0.66
43 271.85 2.03456e+00 5.76999e+00 0.62
44 272.08 2.06071e+00 5.93199e+00 0.61
45 271.45 2.18027e+00 6.42063e+00 0.66
46 271.57 2.28472e+00 6.50640e+00 0.68
47 271.67 2.36940e+00 6.46148e+00 0.69
48 272.82 2.12062e+00 5.89043e+00 0.54
49 272.72 2.05978e+00 5.85553e+00 0.51
50 271.95 2.12871e+00 5.43404e+00 0.57
51 271.45 2.24306e+00 5.72234e+00 0.64
52 271.45 2.36795e+00 6.12554e+00 0.69
53 271.76 2.39993e+00 6.35826e+00 0.65
54 271.34 2.49696e+00 6.17676e+00 0.69
55 272.31 2.42493e+00 5.71017e+00 0.59
56 272.64 2.39771e+00 5.42267e+00 0.55
57 272.55 2.36512e+00 4.91440e+00 0.53
58 272.29 2.36428e+00 5.89561e+00 0.54
59 272.28 2.38892e+00 5.23382e+00 0.54
60 271.26 2.52442e+00 5.70729e+00 0.65
61 271.35 2.63191e+00 5.91896e+00 0.67
62 271.59 2.69391e+00 6.51014e+00 0.66
63 271.38 2.78610e+00 6.25493e+00 0.69
64 272.34 2.68264e+00 5.69693e+00 0.58
65 272.62 2.64964e+00 5.35791e+00 0.54
66 272.54 2.64096e+00 5.14720e+00 0.53
67 272.33 2.65512e+00 5.53036e+00 0.54
68 272.43 2.66331e+00 4.74145e+00 0.52
69 271.21 2.80484e+00 5.41622e+00 0.66
70 271.83 2.80290e+00 5.66387e+00 0.59
71 271.92 2.82592e+00 5.61223e+00 0.58
72 271.17 2.96566e+00 6.02842e+00 0.66
73 271.82 2.99431e+00 6.38351e+00 0.63
74 271.93 3.02244e+00 6.27752e+00 0.63
75 271.91 3.03737e+00 6.55338e+00 0.63
76 271.82 3.10039e+00 6.58415e+00 0.66
77 272.12 3.07622e+00 5.80127e+00 0.60
78 272.20 3.04978e+00 5.59276e+00 0.58
79 271.97 3.05265e+00 6.35551e+00 0.58
80 271.97 2.96786e+00 5.77507e+00 0.59
81 271.63 2.94104e+00 5.77554e+00 0.62
82 271.69 2.94843e+00 5.58775e+00 0.61
83 270.72 3.08949e+00 5.51300e+00 0.68
84 271.21 3.19039e+00 5.93606e+00 0.70
85 271.27 3.27955e+00 6.43804e+00 0.71
86 272.03 3.17039e+00 5.50161e+00 0.62
87 272.10 3.12554e+00 5.02779e+00 0.58
88 272.38 2.70125e+00 4.82887e+00 0.50
89 272.36 2.59510e+00 4.14992e+00 0.47
90 270.90 2.77170e+00 4.57351e+00 0.69
91 270.57 2.92039e+00 4.32856e+00 0.73
92 271.41 2.89406e+00 3.67707e+00 0.63
93 270.28 3.06202e+00 4.85772e+00 0.72
94 271.00 3.05664e+00 5.14750e+00 0.68
95 271.53 3.00491e+00 4.71232e+00 0.61
96 270.38 3.15662e+00 5.01784e+00 0.71
97 271.33 3.05845e+00 5.24145e+00 0.66
98 271.71 2.91338e+00 4.70886e+00 0.58
99 271.43 2.93729e+00 4.96931e+00 0.59
100 271.49 2.97586e+00 5.57414e+00 0.61
101 271.64 3.00717e+00 4.91571e+00 0.61
102 271.48 3.06992e+00 4.60857e+00 0.63
103 271.52 3.09813e+00 5.72212e+00 0.65
104 272.21 3.01550e+00 4.92593e+00 0.55
105 271.92 3.04079e+00 4.94826e+00 0.58
106 271.89 3.02730e+00 5.68156e+00 0.58
107 271.62 3.06901e+00 6.11399e+00 0.62
108 271.36 3.17063e+00 6.31103e+00 0.68
109 271.45 3.26361e+00 6.24240e+00 0.70
110 271.66 3.27064e+00 6.38702e+00 0.69
111 271.87 3.18931e+00 6.15554e+00 0.64
112 272.27 3.12501e+00 5.35127e+00 0.59
113 271.22 3.23581e+00 5.68201e+00 0.67
114 271.95 3.21973e+00 5.51292e+00 0.61
115 271.95 3.21363e+00 5.62723e+00 0.60
116 271.21 3.31088e+00 6.01586e+00 0.67
117 271.95 3.27524e+00 5.86110e+00 0.61
118 272.09 3.22353e+00 6.04103e+00 0.60
119 271.77 3.23960e+00 5.65076e+00 0.62
120 271.59 3.30284e+00 5.96401e+00 0.66
121 271.59 3.31425e+00 5.34420e+00 0.65
122 271.13 3.39908e+00 6.18170e+00 0.70
123 271.29 3.49198e+00 6.38825e+00 0.71
124 271.62 3.49978e+00 6.16676e+00 0.68
125 271.19 3.56013e+00 5.97825e+00 0.71
126 272.28 3.39861e+00 5.59259e+00 0.59
127 272.14 3.36822e+00 5.97338e+00 0.57
128 271.79 3.40975e+00 5.65308e+00 0.62
129 271.51 3.49370e+00 6.07278e+00 0.68
130 272.08 3.41432e+00 5.50101e+00 0.59
131 271.08 3.51229e+00 5.68101e+00 0.68
132 271.53 3.53952e+00 5.88241e+00 0.64
133 271.69 3.55258e+00 6.14333e+00 0.63
134 271.24 3.64323e+00 6.20335e+00 0.68
135 271.41 3.70160e+00 6.72124e+00 0.68
136 271.32 3.76444e+00 6.21175e+00 0.69
137 271.65 3.77570e+00 6.21295e+00 0.66
138 271.61 3.80933e+00 6.02942e+00 0.67
139 271.95 3.74899e+00 5.77204e+00 0.62
140 271.77 3.75340e+00 5.89610e+00 0.62
141 272.26 3.70449e+00 5.87853e+00 0.59
142 271.59 3.77598e+00 5.89900e+00 0.66
143 272.61 3.65373e+00 5.88416e+00 0.56
144 272.69 3.59889e+00 5.88828e+00 0.54
145 272.37 3.61913e+00 5.36159e+00 0.59
146 271.83 3.69125e+00 5.66161e+00 0.66
147 272.21 3.63691e+00 5.54041e+00 0.58
148 271.22 3.72766e+00 5.64745e+00 0.66
149 271.49 3.77213e+00 6.06728e+00 0.65
150 271.65 3.79105e+00 6.46515e+00 0.64
151 271.28 3.87143e+00 6.60682e+00 0.68
152 271.48 3.91778e+00 6.74775e+00 0.68
153 271.42 3.96514e+00 6.31158e+00 0.68
154 271.70 3.96659e+00 5.84922e+00 0.66
155 271.70 3.95775e+00 6.20508e+00 0.66
156 272.45 3.81061e+00 5.39440e+00 0.57
157 271.36 3.88322e+00 5.68637e+00 0.66
158 271.42 3.97754e+00 6.28514e+00 0.69
159 271.47 4.04253e+00 6.29188e+00 0.70
160 272.60 3.82326e+00 5.61504e+00 0.56
161 272.57 3.75288e+00 5.69951e+00 0.53
162 272.55 3.73656e+00 5.34158e+00 0.52
163 271.92 3.78569e+00 5.21711e+00 0.59
164 271.67 3.83262e+00 5.69569e+00 0.62
165 271.54 3.88557e+00 6.55777e+00 0.65
166 271.59 3.93673e+00 6.50600e+00 0.66
167 271.93 3.92172e+00 6.36782e+00 0.63
168 271.42 3.99353e+00 6.11179e+00 0.68
169 272.47 3.86556e+00 5.51228e+00 0.57
170 272.38 3.82967e+00 6.10934e+00 0.55
171 272.23 3.84908e+00 5.68418e+00 0.60
172 271.85 3.90929e+00 5.80365e+00 0.65
173 272.30 3.83381e+00 5.62454e+00 0.57
174 271.25 3.92047e+00 6.08712e+00 0.66
175 271.55 3.96506e+00 6.01335e+00 0.65
176 271.74 3.97998e+00 6.00267e+00 0.64
177 271.19 4.06415e+00 6.09903e+00 0.68
178 271.49 4.11084e+00 6.91973e+00 0.68
179 271.34 4.16830e+00 6.28616e+00 0.69
180 271.35 4.21559e+00 6.63340e+00 0.69
181 271.37 4.26407e+00 6.58709e+00 0.70
182 271.60 4.28145e+00 6.77278e+00 0.68
183 271.42 4.32873e+00 6.20327e+00 0.69
184 271.51 4.36554e+00 6.57845e+00 0.69
185 271.58 4.40306e+00 6.42680e+00 0.69
186 271.70 4.41644e+00 6.50222e+00 0.68
187 271.64 4.45501e+00 6.44728e+00 0.69
188 271.76 4.46023e+00 6.79421e+00 0.68
189 271.63 4.44224e+00 6.47783e+00 0.69
190 272.35 4.22798e+00 5.57565e+00 0.60
191 272.37 4.16065e+00 6.11610e+00 0.58
192 272.39 4.15769e+00 6.01377e+00 0.59
193 271.90 4.20485e+00 6.08848e+00 0.65
194 272.61 4.06209e+00 5.03876e+00 0.55
195 271.28 4.11348e+00 5.77066e+00 0.66
196 271.86 4.10709e+00 6.04756e+00 0.61
197 271.98 4.10160e+00 5.62633e+00 0.59
198 271.21 4.20616e+00 6.16410e+00 0.67
199 271.68 4.23183e+00 6.21934e+00 0.67
200 271.39 4.29399e+00 6.47046e+00 0.70
201 272.67 4.07180e+00 5.79166e+00 0.55
202 272.67 4.00932e+00 5.64188e+00 0.53
203 272.30 4.00762e+00 4.95845e+00 0.54
204 271.41 4.07743e+00 5.15759e+00 0.63
205 271.52 4.14561e+00 5.36717e+00 0.66
206 272.53 4.02081e+00 5.02918e+00 0.54
207 271.39 4.10811e+00 5.27146e+00 0.66
208 270.84 4.22573e+00 5.59385e+00 0.70
209 270.92 4.30596e+00 6.33393e+00 0.70
210 271.08 4.35497e+00 6.39156e+00 0.71
211 271.04 4.39679e+00 6.31852e+00 0.71
212 271.12 4.44182e+00 6.61850e+00 0.71
213 271.61 4.30597e+00 6.05424e+00 0.66
214 271.78 4.25402e+00 5.61660e+00 0.62
215 271.31 4.31397e+00 6.05232e+00 0.68
216 271.94 4.22095e+00 5.85549e+00 0.61
217 272.58 4.11181e+00 4.96720e+00 0.56
218 272.23 3.53533e+00 4.41392e+00 0.62
219 271.83 3.07780e+00 3.13777e+00 0.58
220 271.39 3.05926e+00 3.28332e+00 0.61
221 270.70 3.17608e+00 2.88610e+00 0.71
222 270.64 3.18502e+00 3.42923e+00 0.72
223 270.51 3.20530e+00 3.19103e+00 0.70
224 269.11 3.44633e+00 3.93092e+00 0.79
225 269.70 3.47978e+00 4.04845e+00 0.78
226 269.95 3.47589e+00 3.79712e+00 0.73
227 268.92 3.67689e+00 4.38840e+00 0.79
228 269.93 3.64627e+00 4.46384e+00 0.75
229 269.80 3.54971e+00 4.47316e+00 0.77
230 270.37 3.49988e+00 4.46696e+00 0.73
231 269.68 3.56906e+00 4.78889e+00 0.77
232 269.83 3.67833e+00 5.64237e+00 0.76
233 269.45 3.81712e+00 6.13377e+00 0.79
234 269.51 3.93428e+00 5.92792e+00 0.78
235 269.68 3.99556e+00 6.01778e+00 0.77
236 269.88 4.03441e+00 5.67836e+00 0.75
237 269.56 4.10793e+00 5.49690e+00 0.75
238 271.24 3.65545e+00 4.40140e+00 0.68
239 270.61 3.55137e+00 4.30941e+00 0.69
240 270.62 3.52555e+00 3.31346e+00 0.71
241 269.75 3.67331e+00 2.86552e+00 0.79
242 270.34 3.64032e+00 3.70614e+00 0.75
243 270.09 3.63748e+00 3.72158e+00 0.73
244 269.43 3.80622e+00 3.79073e+00 0.80
245 269.58 3.83437e+00 3.96646e+00 0.77
246 270.20 3.79085e+00 3.95329e+00 0.73
247 269.02 3.93906e+00 4.41821e+00 0.78
248 270.33 3.81598e+00 4.66710e+00 0.74
249 269.81 3.76929e+00 4.05290e+00 0.76
250 270.72 3.69281e+00 4.81172e+00 0.70
251 270.13 3.76365e+00 5.30515e+00 0.74
252 270.65 3.69290e+00 4.31991e+00 0.70
253 270.48 3.67376e+00 3.79933e+00 0.70
254 269.53 3.84318e+00 3.73050e+00 0.80
255 269.09 3.92208e+00 4.04279e+00 0.80
256 268.70 4.06729e+00 4.30427e+00 0.83
257 268.75 4.18416e+00 5.22455e+00 0.81
258 268.84 4.29070e+00 5.74392e+00 0.81
259 269.74 4.18471e+00 4.94159e+00 0.77
260 269.13 4.25482e+00 4.23029e+00 0.82
261 268.83 4.36766e+00 4.88371e+00 0.83
262 269.02 4.36891e+00 4.58164e+00 0.83
263 270.10 4.15130e+00 4.35184e+00 0.78
264 269.57 4.12044e+00 3.63149e+00 0.77
265 268.48 4.30043e+00 3.81353e+00 0.82
266 268.34 4.42313e+00 4.84918e+00 0.81
267 270.02 4.18876e+00 4.07552e+00 0.77
268 269.67 4.06027e+00 3.48111e+00 0.78
269 268.96 4.14568e+00 3.92710e+00 0.82
270 268.76 4.18747e+00 4.03047e+00 0.84
271 268.88 4.22987e+00 3.72812e+00 0.84
272 268.25 4.38739e+00 4.15955e+00 0.86
273 267.78 4.54959e+00 4.53909e+00 0.85
274 268.90 4.48508e+00 4.56301e+00 0.85
275 267.66 4.60882e+00 4.02480e+00 0.88
276 268.23 4.62894e+00 3.94577e+00 0.88
277 267.78 4.71587e+00 3.74235e+00 0.88
278 267.55 4.71449e+00 3.49492e+00 0.88
279 267.76 4.72695e+00 3.51358e+00 0.91
280 267.21 4.80496e+00 3.83080e+00 0.91
281 266.84 4.92023e+00 4.20331e+00 0.90
282 266.12 5.06931e+00 4.32567e+00 0.89
283 267.30 5.08067e+00 4.14256e+00 0.93
284 266.19 5.20970e+00 4.05444e+00 0.92
285 266.68 5.27009e+00 4.04730e+00 0.93
286 266.18 5.36527e+00 4.08703e+00 0.92
287 265.84 5.47550e+00 4.60123e+00 0.90
288 266.71 5.46936e+00 4.67012e+00 0.93
289 266.56 5.43521e+00 3.83782e+00 0.95
290 265.81 5.48991e+00 3.99605e+00 0.95
291 264.99 5.64692e+00 4.22069e+00 0.93
292 265.87 5.72553e+00 4.62529e+00 0.95
293 264.99 5.79476e+00 4.27837e+00 0.96
294 265.28 5.84221e+00 4.38292e+00 0.97
295 265.07 5.92417e+00 4.40961e+00 0.96
296 264.90 6.04756e+00 4.47929e+00 0.95
297 264.49 6.17235e+00 4.81962e+00 0.94
298 265.35 6.22993e+00 5.03930e+00 0.97
299 264.55 6.31667e+00 4.19190e+00 0.95
300 264.90 6.36778e+00 4.44669e+00 0.97
301 264.93 6.39888e+00 4.19435e+00 0.98
302 264.62 6.42809e+00 4.08267e+00 0.97
303 264.59 6.47733e+00 4.13882e+00 0.98
304 264.51 6.53632e+00 4.57467e+00 0.98
305 264.15 6.60433e+00 4.12242e+00 0.99
306 263.07 6.69574e+00 4.30702e+00 0.97
307 263.59 6.81191e+00 4.23102e+00 0.99
308 262.84 6.91615e+00 4.28936e+00 0.98
309 262.75 7.02772e+00 4.53600e+00 0.98
310 262.97 7.12858e+00 4.76268e+00 0.99
311 262.90 7.21203e+00 4.64474e+00 1.00
312 262.72 7.29070e+00 4.13875e+00 1.00
313 262.49 7.37152e+00 4.28314e+00 1.00
314 262.34 7.46881e+00 3.97802e+00 1.00
315 260.67 7.57858e+00 4.27282e+00 1.00
316 260.66 7.68137e+00 3.97522e+00 1.00
317 259.63 7.78484e+00 3.92114e+00 1.00
318 260.09 7.88742e+00 4.42121e+00 1.00
319 260.24 7.98452e+00 4.07381e+00 1.00
320 259.41 8.07926e+00 4.80465e+00 1.00
321 257.48 8.18852e+00 4.94272e+00 1.00
322 258.43 8.28746e+00 4.51287e+00 1.00
323 258.32 8.37395e+00 4.38245e+00 1.00
324 256.83 8.46208e+00 4.67768e+00 1.00
325 256.11 8.54821e+00 4.64274e+00 1.00
326 255.79 8.63028e+00 5.22201e+00 1.00
327 255.56 8.70088e+00 4.84403e+00 1.00
328 255.77 8.76006e+00 5.07851e+00 1.00
329 255.20 8.81268e+00 5.03475e+00 1.00
330 255.04 8.85307e+00 4.85095e+00 1.00
331 255.08 8.88692e+00 4.79075e+00 1.00
332 254.43 8.91917e+00 4.38457e+00 1.00
333 254.27 8.94823e+00 4.69913e+00 1.00
334 254.14 8.97537e+00 4.64001e+00 1.00
335 254.33 8.99573e+00 4.45035e+00 1.00
336 254.42 9.00000e+00 4.36392e+00 1.00
337 254.84 9.00000e+00 3.93604e+00 1.00
338 254.80 9.00000e+00 4.48160e+00 1.00
339 253.64 9.00000e+00 4.82658e+00 1.00
340 254.35 9.00000e+00 4.23938e+00 1.00
341 254.64 9.00000e+00 4.33287e+00 1.00
342 253.46 9.00000e+00 4.53174e+00 1.00
343 254.13 9.00000e+00 4.50312e+00 1.00
344 253.30 9.00000e+00 4.80476e+00 1.00
345 253.58 9.00000e+00 4.73664e+00 1.00
346 254.09 9.00000e+00 4.29342e+00 1.00
347 253.47 9.00000e+00 4.34702e+00 1.00
348 253.04 9.00000e+00 4.68913e+00 1.00
349 252.65 9.00000e+00 4.65242e+00 1.00
350 252.76 9.00000e+00 4.35987e+00 1.00
351 253.14 9.00000e+00 4.90403e+00 1.00
352 252.59 9.00000e+00 4.74828e+00 1.00
353 253.45 9.00000e+00 4.48731e+00 1.00
354 252.41 9.00000e+00 4.98882e+00 1.00
355 252.75 9.00000e+00 4.65238e+00 1.00
356 252.48 9.00000e+00 4.50218e+00 1.00
357 252.29 9.00000e+00 4.52750e+00 1.00
358 252.97 9.00000e+00 4.60237e+00 1.00
359 252.79 9.00000e+00 5.07468e+00 1.00
360 252.38 9.00000e+00 4.64666e+00 1.00
361 252.70 9.00000e+00 4.87631e+00 1.00
362 253.12 9.00000e+00 4.86687e+00 1.00
363 253.13 9.00000e+00 4.57445e+00 1.00
364 253.34 9.00000e+00 4.27801e+00 1.00
365 252.31 9.00000e+00 4.95359e+00 1.00
366 252.56 9.00000e+00 4.79267e+00 1.00
367 252.01 9.00000e+00 4.01613e+00 1.00
368 252.10 9.00000e+00 5.00109e+00 1.00
369 252.38 9.00000e+00 4.66432e+00 1.00
370 252.23 9.00000e+00 4.94489e+00 1.00
371 252.15 9.00000e+00 4.99995e+00 1.00
372 252.51 9.00000e+00 4.78703e+00 1.00
373 252.71 9.00000e+00 4.74519e+00 1.00
374 252.08 9.00000e+00 4.60181e+00 1.00
375 252.23 9.00000e+00 4.69493e+00 1.00
376 252.45 9.00000e+00 5.07147e+00 1.00
377 252.27 9.00000e+00 4.86954e+00 1.00
378 252.25 9.00000e+00 4.82971e+00 1.00
379 253.28 9.00000e+00 4.82665e+00 1.00
380 252.99 9.00000e+00 4.47601e+00 1.00
381 252.32 9.00000e+00 4.63866e+00 1.00
382 252.70 9.00000e+00 4.83257e+00 1.00
383 252.34 9.00000e+00 4.83295e+00 1.00
384 253.39 9.00000e+00 4.57293e+00 1.00
385 252.74 9.00000e+00 4.89279e+00 1.00
386 252.30 9.00000e+00 5.09663e+00 1.00
387 252.56 9.00000e+00 4.93818e+00 1.00
388 252.71 9.00000e+00 4.61568e+00 1.00
389 252.62 9.00000e+00 5.10352e+00 1.00
390 252.63 9.00000e+00 4.72678e+00 1.00
391 252.74 9.00000e+00 4.74404e+00 1.00
392 252.59 9.00000e+00 4.64069e+00 1.00
393 253.20 9.00000e+00 4.84321e+00 1.00
394 253.45 9.00000e+00 4.51220e+00 1.00
395 253.50 9.00000e+00 4.22652e+00 1.00
396 252.15 9.00000e+00 4.37850e+00 1.00
397 251.85 9.00000e+00 4.14322e+00 1.00
398 253.03 9.00000e+00 4.77040e+00 1.00
399 251.97 9.00000e+00 4.47333e+00 1.00
