0 251.15 2.38674e+00 1.99634e+01 0.67
1 257.29 3.10367e+00 3.81875e+01 0.70
2 262.32 3.66872e+00 4.55961e+01 0.70
3 264.42 3.98836e+00 4.90047e+01 0.67
4 265.26 4.26717e+00 5.00192e+01 0.66
5 266.50 4.45925e+00 5.11272e+01 0.65
6 266.94 4.61023e+00 5.20555e+01 0.65
7 267.08 3.94978e+00 4.07761e+01 0.54
8 266.35 3.92240e+00 4.64810e+01 0.56
9 266.92 4.06960e+00 4.86601e+01 0.62
10 267.86 4.17967e+00 4.91504e+01 0.61
11 268.79 4.07827e+00 4.91495e+01 0.55
12 268.99 4.09767e+00 5.14871e+01 0.56
13 268.52 4.15944e+00 5.19290e+01 0.58
14 267.76 4.22593e+00 5.08858e+01 0.59
15 268.36 4.28763e+00 5.04607e+01 0.59
16 267.87 4.38602e+00 5.28029e+01 0.61
17 268.83 4.04437e+00 4.31113e+01 0.52
18 267.55 3.95014e+00 4.70423e+01 0.52
19 269.86 3.87687e+00 4.39807e+01 0.49
20 271.01 3.84397e+00 4.40579e+01 0.48
21 270.06 3.86176e+00 4.85466e+01 0.49
22 271.86 3.81355e+00 4.60255e+01 0.48
23 270.56 3.86732e+00 5.19935e+01 0.51
24 270.45 3.82778e+00 4.58382e+01 0.49
25 270.01 3.76128e+00 4.84095e+01 0.48
26 270.97 3.74918e+00 4.58833e+01 0.48
27 270.15 3.83387e+00 5.06447e+01 0.51
28 269.88 3.87452e+00 4.91435e+01 0.53
29 268.91 3.92762e+00 4.89567e+01 0.55
30 268.36 4.01724e+00 4.93560e+01 0.58
31 268.35 4.14778e+00 4.93820e+01 0.63
32 269.50 3.90464e+00 4.41795e+01 0.51
33 268.95 3.97645e+00 5.06445e+01 0.53
34 268.86 3.99880e+00 4.74590e+01 0.54
35 268.49 3.96164e+00 4.77060e+01 0.53
36 269.71 3.92180e+00 4.52542e+01 0.50
37 269.40 4.00710e+00 5.13129e+01 0.53
38 270.43 3.94044e+00 4.51267e+01 0.50
39 269.02 3.96859e+00 4.84917e+01 0.52
40 269.57 4.05530e+00 4.94993e+01 0.57
41 268.50 4.17535e+00 4.99301e+01 0.63
42 268.02 4.29563e+00 4.95527e+01 0.64
43 269.24 3.85741e+00 4.19936e+01 0.50
44 269.30 3.81138e+00 4.22350e+01 0.50
45 269.59 3.76987e+00 4.79904e+01 0.48
46 270.21 3.79491e+00 4.78689e+01 0.50
47 270.39 3.79291e+00 5.04657e+01 0.50
48 270.29 3.85544e+00 5.26095e+01 0.53
49 269.60 3.89721e+00 5.12661e+01 0.54
50 269.15 3.99409e+00 5.20729e+01 0.58
51 269.75 4.07564e+00 5.29014e+01 0.59
52 268.32 4.16783e+00 5.33848e+01 0.60
53 268.34 4.14069e+00 4.92496e+01 0.57
54 267.66 3.83157e+00 4.42362e+01 0.51
55 267.17 3.87940e+00 4.69962e+01 0.56
56 267.71 4.04551e+00 4.86003e+01 0.62
57 267.35 4.18605e+00 4.94611e+01 0.64
58 267.30 4.29236e+00 4.91658e+01 0.63
59 267.79 4.37151e+00 4.94059e+01 0.62
60 268.32 3.99739e+00 4.72047e+01 0.54
61 268.64 4.02336e+00 5.12855e+01 0.56
62 268.61 4.10305e+00 5.24897e+01 0.58
63 268.07 4.21238e+00 5.26939e+01 0.61
64 267.82 4.31088e+00 5.22007e+01 0.62
65 267.16 4.32382e+00 5.02464e+01 0.61
66 266.70 4.39140e+00 5.08279e+01 0.61
67 267.99 4.44657e+00 5.21506e+01 0.61
68 268.28 4.32874e+00 4.72212e+01 0.56
69 267.57 3.85613e+00 4.36034e+01 0.50
70 266.39 3.79375e+00 4.79662e+01 0.56
71 268.08 3.67952e+00 4.20478e+01 0.50
72 268.12 3.81081e+00 4.79570e+01 0.53
73 270.16 3.70961e+00 4.35778e+01 0.49
74 270.75 3.65119e+00 4.50760e+01 0.47
75 271.69 3.62342e+00 4.40310e+01 0.47
76 272.27 3.65306e+00 4.70398e+01 0.48
77 271.21 3.63814e+00 5.29681e+01 0.49
78 271.82 3.55445e+00 4.50485e+01 0.47
79 271.18 3.59728e+00 4.91814e+01 0.48
80 270.72 3.64966e+00 4.92142e+01 0.50
81 271.71 3.64993e+00 4.75619e+01 0.49
82 271.03 3.72777e+00 5.26414e+01 0.52
83 270.33 3.81387e+00 5.31543e+01 0.53
84 269.71 3.86575e+00 5.13726e+01 0.55
85 269.32 3.96644e+00 5.19325e+01 0.58
86 269.18 4.06509e+00 5.26066e+01 0.58
87 268.74 4.18587e+00 5.34585e+01 0.60
88 268.65 4.09618e+00 4.72686e+01 0.55
89 267.94 4.06598e+00 4.81267e+01 0.55
90 267.41 4.01184e+00 4.79882e+01 0.58
91 268.58 3.90711e+00 4.45587e+01 0.51
92 268.93 4.00548e+00 5.14823e+01 0.54
93 269.28 4.09453e+00 5.28344e+01 0.57
94 268.72 4.19043e+00 5.28718e+01 0.59
95 268.23 4.30246e+00 5.29691e+01 0.61
96 268.75 4.10024e+00 4.40256e+01 0.54
97 267.68 4.12816e+00 4.81035e+01 0.55
98 268.58 4.23266e+00 5.15530e+01 0.58
99 268.99 4.24343e+00 5.22196e+01 0.57
100 269.45 3.99654e+00 4.35637e+01 0.51
101 268.50 3.94164e+00 4.79659e+01 0.51
102 268.98 4.01911e+00 4.92861e+01 0.57
103 268.16 4.18440e+00 4.95359e+01 0.64
104 267.72 4.33469e+00 4.96685e+01 0.65
105 268.95 4.07916e+00 4.67882e+01 0.54
106 268.50 4.15992e+00 5.17916e+01 0.56
107 268.66 4.25335e+00 5.24592e+01 0.59
108 268.25 4.34213e+00 5.21581e+01 0.61
109 267.66 4.35394e+00 4.93567e+01 0.60
110 267.36 4.41797e+00 4.92425e+01 0.61
111 267.38 4.51656e+00 5.01369e+01 0.64
112 267.43 4.61788e+00 5.05968e+01 0.65
113 267.91 4.68821e+00 5.10309e+01 0.64
114 267.39 4.76384e+00 5.11407e+01 0.64
115 267.30 4.82646e+00 5.11721e+01 0.64
116 267.15 4.89401e+00 5.12559e+01 0.64
117 266.74 4.95010e+00 5.05845e+01 0.64
118 266.86 5.00826e+00 5.02497e+01 0.65
119 266.93 5.06692e+00 5.00645e+01 0.65
120 266.96 5.08885e+00 5.06253e+01 0.64
121 266.77 5.13309e+00 5.09272e+01 0.64
122 267.05 5.18406e+00 5.08234e+01 0.64
123 266.84 5.17998e+00 5.15566e+01 0.64
124 266.97 5.07495e+00 5.18291e+01 0.64
125 266.77 4.99638e+00 5.16579e+01 0.64
126 266.53 4.98653e+00 5.18204e+01 0.65
127 266.78 4.61042e+00 4.22422e+01 0.57
128 265.55 4.54760e+00 4.69047e+01 0.58
129 266.63 4.64108e+00 4.80295e+01 0.63
130 266.88 4.71698e+00 4.92888e+01 0.64
131 267.25 4.76255e+00 5.02351e+01 0.63
132 267.21 4.82519e+00 5.06933e+01 0.64
133 266.99 4.88014e+00 5.11480e+01 0.64
134 267.13 4.89166e+00 5.18168e+01 0.64
135 266.93 4.89800e+00 5.17694e+01 0.64
136 266.91 4.73769e+00 4.61253e+01 0.59
137 266.10 4.70239e+00 4.75982e+01 0.60
138 266.34 4.74152e+00 4.84771e+01 0.64
139 265.98 4.84775e+00 4.84277e+01 0.67
140 266.36 4.92126e+00 4.83795e+01 0.66
141 266.15 4.98404e+00 4.87088e+01 0.66
142 266.75 4.74926e+00 4.87924e+01 0.61
143 266.47 4.79491e+00 5.08059e+01 0.61
144 266.97 4.87261e+00 5.09718e+01 0.63
145 267.08 4.94168e+00 5.09489e+01 0.64
146 266.47 5.00545e+00 5.06015e+01 0.65
147 266.26 4.97493e+00 4.85798e+01 0.63
148 266.14 4.88794e+00 4.75417e+01 0.62
149 265.52 4.85151e+00 4.80765e+01 0.64
150 265.97 4.90367e+00 4.85835e+01 0.66
151 265.76 4.93820e+00 4.84153e+01 0.64
152 266.84 4.85140e+00 4.93839e+01 0.62
153 267.02 4.65137e+00 5.04533e+01 0.60
154 267.29 4.47210e+00 5.10335e+01 0.60
155 267.40 4.40106e+00 5.19414e+01 0.61
156 266.94 4.47062e+00 5.20280e+01 0.63
157 267.62 4.29108e+00 4.42181e+01 0.56
158 267.22 4.31273e+00 4.86901e+01 0.57
159 268.57 4.36419e+00 5.11166e+01 0.57
160 269.32 4.07299e+00 4.34465e+01 0.51
161 268.39 4.00731e+00 4.80029e+01 0.51
162 268.81 4.07711e+00 4.90605e+01 0.56
163 268.85 4.22036e+00 4.95944e+01 0.62
164 268.42 4.33554e+00 5.00511e+01 0.63
165 267.81 4.43933e+00 5.00035e+01 0.64
166 268.09 4.34916e+00 5.04312e+01 0.60
167 267.67 4.42287e+00 5.17772e+01 0.61
168 267.64 4.51588e+00 5.21573e+01 0.62
169 267.51 4.60121e+00 5.15248e+01 0.63
170 267.26 4.65657e+00 5.04821e+01 0.63
171 266.76 4.72004e+00 5.02168e+01 0.64
172 266.63 4.78870e+00 4.94864e+01 0.65
173 266.43 4.86706e+00 4.97030e+01 0.65
174 267.02 4.92893e+00 5.01373e+01 0.65
175 266.76 4.99281e+00 5.03777e+01 0.65
176 266.98 4.90658e+00 5.08693e+01 0.62
177 267.52 4.88879e+00 5.20566e+01 0.63
178 267.04 4.89048e+00 5.21375e+01 0.63
179 267.25 4.88925e+00 5.21975e+01 0.64
180 266.84 4.89393e+00 5.23207e+01 0.65
181 266.51 4.94336e+00 5.22718e+01 0.65
182 266.45 4.70536e+00 4.52324e+01 0.59
183 265.54 4.70053e+00 4.81635e+01 0.60
184 266.55 4.77574e+00 5.03859e+01 0.63
185 266.79 4.84760e+00 5.12286e+01 0.64
186 267.25 4.86472e+00 5.16308e+01 0.63
187 267.19 4.86288e+00 5.20713e+01 0.63
188 267.29 4.59624e+00 4.45462e+01 0.56
189 266.57 4.54323e+00 4.75374e+01 0.58
190 266.99 4.61998e+00 4.91537e+01 0.62
191 267.35 4.69248e+00 5.01689e+01 0.63
192 267.13 4.76526e+00 4.94347e+01 0.63
193 266.78 4.82444e+00 4.85366e+01 0.63
194 266.61 4.88555e+00 4.85221e+01 0.65
195 266.72 4.96371e+00 4.84809e+01 0.66
196 266.60 5.00142e+00 4.90111e+01 0.65
197 266.86 4.90592e+00 5.01294e+01 0.63
198 267.24 4.78295e+00 5.10308e+01 0.62
199 267.05 4.73446e+00 5.19482e+01 0.62
200 267.09 4.77108e+00 5.19789e+01 0.63
201 266.49 4.82883e+00 5.16279e+01 0.63
202 266.33 4.80661e+00 4.93979e+01 0.62
203 266.05 4.74844e+00 4.80844e+01 0.61
204 265.61 4.74962e+00 4.77925e+01 0.63
205 265.75 4.84026e+00 4.80104e+01 0.66
206 266.24 4.93817e+00 4.82800e+01 0.66
207 266.36 4.86115e+00 4.93266e+01 0.63
208 266.64 4.82541e+00 5.08839e+01 0.62
209 266.67 4.75765e+00 5.16898e+01 0.62
210 266.97 4.78653e+00 5.21386e+01 0.63
211 267.26 4.64201e+00 4.57114e+01 0.57
212 266.59 4.65333e+00 4.83582e+01 0.58
213 267.27 4.73917e+00 4.98687e+01 0.63
214 266.91 4.80436e+00 4.87992e+01 0.64
215 266.87 4.83685e+00 4.82955e+01 0.64
216 266.43 4.89707e+00 4.84471e+01 0.66
217 267.82 4.60235e+00 4.63347e+01 0.57
218 267.05 4.63958e+00 5.09052e+01 0.59
219 267.15 4.69866e+00 5.06514e+01 0.60
220 266.92 4.72739e+00 4.93098e+01 0.61
221 266.26 4.73637e+00 4.83115e+01 0.61
222 266.31 4.78786e+00 4.83178e+01 0.64
223 266.38 4.88064e+00 4.88010e+01 0.66
224 267.79 4.68011e+00 4.76586e+01 0.58
225 267.05 4.71811e+00 5.06838e+01 0.59
226 267.76 4.78481e+00 5.13571e+01 0.61
227 267.74 4.79694e+00 5.20475e+01 0.62
228 267.49 4.80697e+00 5.23683e+01 0.63
229 266.84 4.85216e+00 5.19785e+01 0.64
230 266.76 4.79164e+00 4.85579e+01 0.60
231 266.08 4.80169e+00 4.87758e+01 0.61
232 266.41 4.78595e+00 4.81529e+01 0.63
233 266.99 4.66405e+00 4.76477e+01 0.57
234 267.42 4.72439e+00 5.11764e+01 0.59
235 267.15 4.77940e+00 5.12683e+01 0.61
236 267.75 4.81889e+00 5.17527e+01 0.62
237 267.44 4.88017e+00 5.23932e+01 0.63
238 266.94 4.93035e+00 5.16386e+01 0.63
239 266.52 4.90025e+00 4.93011e+01 0.62
240 266.08 4.82425e+00 4.79324e+01 0.61
241 265.91 4.84535e+00 4.81132e+01 0.64
242 265.70 4.92813e+00 4.88804e+01 0.66
243 266.67 4.94459e+00 4.98262e+01 0.64
244 266.61 4.97941e+00 4.84603e+01 0.63
245 267.61 4.72776e+00 4.74573e+01 0.58
246 267.13 4.75598e+00 5.16692e+01 0.59
247 267.38 4.81612e+00 5.15070e+01 0.61
248 266.93 4.84171e+00 5.02540e+01 0.62
249 266.44 4.81113e+00 4.85115e+01 0.61
250 266.23 4.80670e+00 4.79223e+01 0.62
251 266.26 4.86145e+00 4.83188e+01 0.65
252 266.21 4.94945e+00 4.84077e+01 0.67
253 266.89 4.72976e+00 4.80429e+01 0.59
254 266.93 4.77350e+00 5.08994e+01 0.60
255 267.49 4.84002e+00 5.10037e+01 0.62
256 267.58 4.88846e+00 5.17401e+01 0.63
257 267.44 4.90082e+00 5.21960e+01 0.63
258 267.23 4.88460e+00 5.23858e+01 0.64
259 266.82 4.87077e+00 5.24211e+01 0.64
260 267.16 4.48161e+00 4.26669e+01 0.55
261 266.41 4.41420e+00 4.70334e+01 0.57
262 266.71 4.48794e+00 4.85557e+01 0.63
263 266.61 4.62264e+00 4.87878e+01 0.67
264 266.44 4.73358e+00 4.92319e+01 0.67
265 268.03 4.28530e+00 4.23104e+01 0.54
266 267.61 4.33190e+00 5.02682e+01 0.56
267 268.03 4.42049e+00 5.26778e+01 0.59
268 268.07 4.50322e+00 5.26526e+01 0.62
269 268.17 4.28917e+00 4.37077e+01 0.53
270 267.44 4.26396e+00 4.74668e+01 0.54
271 267.85 4.33965e+00 4.87254e+01 0.60
272 267.52 4.49547e+00 4.92364e+01 0.66
273 268.62 4.22791e+00 4.46128e+01 0.52
274 268.41 4.29692e+00 5.15854e+01 0.55
275 268.50 4.37688e+00 5.24005e+01 0.58
276 268.16 4.45434e+00 5.21794e+01 0.60
277 267.43 4.42999e+00 4.87911e+01 0.59
278 267.02 4.48783e+00 4.92218e+01 0.60
279 267.44 4.59226e+00 4.96432e+01 0.64
280 267.10 4.68142e+00 4.93130e+01 0.65
281 267.25 4.63801e+00 4.98532e+01 0.62
282 266.70 4.70631e+00 5.15370e+01 0.63
283 267.09 4.78349e+00 5.15080e+01 0.64
284 266.96 4.84914e+00 5.19966e+01 0.64
285 266.91 4.74769e+00 4.71204e+01 0.60
286 266.02 4.76578e+00 4.79573e+01 0.61
287 266.40 4.85732e+00 4.88787e+01 0.65
288 266.16 4.93244e+00 4.85472e+01 0.66
289 267.23 4.62901e+00 4.69364e+01 0.57
290 267.21 4.63561e+00 5.17478e+01 0.59
291 267.32 4.70009e+00 5.23667e+01 0.61
292 267.46 4.75672e+00 5.18862e+01 0.62
293 266.96 4.78072e+00 5.06996e+01 0.62
294 266.43 4.78492e+00 4.95329e+01 0.62
295 266.08 4.76228e+00 4.83674e+01 0.62
296 266.08 4.80354e+00 4.78555e+01 0.64
297 266.01 4.89860e+00 4.85304e+01 0.66
298 266.44 4.84656e+00 4.92823e+01 0.62
299 267.03 4.79102e+00 5.09118e+01 0.61
300 267.24 4.75733e+00 5.16820e+01 0.61
301 268.20 4.60993e+00 4.49784e+01 0.56
302 266.98 4.61720e+00 4.81961e+01 0.58
303 267.88 4.67254e+00 4.96382e+01 0.60
304 267.57 4.75999e+00 4.93325e+01 0.63
305 267.42 4.81338e+00 4.84821e+01 0.63
306 266.81 4.86065e+00 4.83726e+01 0.64
307 266.55 4.92900e+00 4.86621e+01 0.66
308 267.48 4.61471e+00 4.67740e+01 0.57
309 267.56 4.64331e+00 5.10124e+01 0.59
310 267.73 4.71373e+00 5.16922e+01 0.60
311 267.34 4.77632e+00 5.13348e+01 0.62
312 266.82 4.79518e+00 4.96131e+01 0.62
313 266.30 4.84490e+00 4.97687e+01 0.63
314 266.42 4.89363e+00 4.89220e+01 0.65
315 266.19 4.89567e+00 4.79419e+01 0.65
316 266.00 4.92076e+00 4.80178e+01 0.65
317 266.83 4.51609e+00 4.40777e+01 0.55
318 267.19 4.43120e+00 5.07588e+01 0.57
319 267.47 4.46558e+00 5.22581e+01 0.60
320 267.46 4.43430e+00 4.82908e+01 0.58
321 267.35 4.10730e+00 4.44925e+01 0.53
322 266.74 4.08552e+00 4.59083e+01 0.57
323 268.10 4.12594e+00 4.66929e+01 0.58
324 269.16 3.54678e+00 4.02520e+01 0.47
325 270.13 2.92698e+00 3.95999e+01 0.43
326 269.41 2.75651e+00 4.39075e+01 0.40
327 270.13 2.87534e+00 4.80085e+01 0.47
328 272.70 2.70133e+00 4.38378e+01 0.39
329 270.97 2.80805e+00 5.16203e+01 0.46
330 273.51 2.60845e+00 4.28158e+01 0.38
331 271.45 2.64956e+00 5.02024e+01 0.42
332 272.31 2.66877e+00 4.63108e+01 0.44
333 271.01 2.69282e+00 5.00959e+01 0.43
334 272.64 2.48795e+00 4.16223e+01 0.35
335 273.01 2.43841e+00 4.33326e+01 0.34
336 272.91 2.43094e+00 4.48075e+01 0.33
337 271.77 2.46888e+00 5.02448e+01 0.35
338 273.90 2.45847e+00 4.26346e+01 0.34
339 274.52 2.47209e+00 4.45662e+01 0.35
340 275.32 2.46329e+00 4.47639e+01 0.34
341 273.17 2.50778e+00 5.09618e+01 0.36
342 275.50 2.46777e+00 4.49110e+01 0.35
343 275.18 2.44452e+00 4.45389e+01 0.34
344 275.70 2.40468e+00 4.55888e+01 0.33
345 276.39 2.36071e+00 4.47254e+01 0.33
346 274.71 2.34891e+00 4.91527e+01 0.32
347 276.01 2.36297e+00 4.54852e+01 0.33
348 275.34 2.35097e+00 4.63832e+01 0.34
349 276.40 2.29473e+00 4.53116e+01 0.31
350 276.74 2.28278e+00 4.53583e+01 0.31
351 276.65 2.24174e+00 4.70160e+01 0.30
352 274.30 2.26835e+00 5.01084e+01 0.32
353 273.57 2.31992e+00 5.21567e+01 0.34
354 275.50 2.35289e+00 4.47544e+01 0.35
355 275.68 2.30717e+00 4.52703e+01 0.34
356 276.32 2.30540e+00 4.62208e+01 0.34
357 274.96 2.34087e+00 4.91239e+01 0.35
358 276.32 2.28503e+00 4.46626e+01 0.33
359 275.59 2.26036e+00 4.53362e+01 0.33
360 275.14 2.27433e+00 4.82048e+01 0.34
361 273.60 2.31267e+00 5.14239e+01 0.34
362 274.63 2.36026e+00 5.02971e+01 0.36
363 273.73 2.40986e+00 5.04932e+01 0.41
364 272.95 2.50940e+00 5.10373e+01 0.44
365 272.89 2.63886e+00 5.16572e+01 0.46
366 272.18 2.72222e+00 4.98125e+01 0.48
367 271.02 2.68782e+00 4.83642e+01 0.44
368 272.29 2.75287e+00 4.56807e+01 0.45
369 272.37 2.84302e+00 4.65155e+01 0.46
370 271.08 2.85375e+00 5.01555e+01 0.45
371 272.01 2.90703e+00 4.89772e+01 0.47
372 271.45 2.99779e+00 4.82444e+01 0.50
373 271.34 3.11281e+00 4.89547e+01 0.53
374 270.97 3.21956e+00 4.97444e+01 0.53
375 270.47 3.32014e+00 5.16996e+01 0.55
376 271.83 3.18162e+00 4.64839e+01 0.49
377 270.82 3.19579e+00 5.11325e+01 0.50
378 270.59 3.23136e+00 4.99784e+01 0.50
379 270.37 3.35176e+00 5.08344e+01 0.54
380 270.29 3.49887e+00 5.25573e+01 0.57
381 270.27 3.45291e+00 4.70102e+01 0.52
382 269.44 3.47908e+00 4.99398e+01 0.52
383 270.49 3.51560e+00 4.70675e+01 0.51
384 270.11 3.64583e+00 5.20269e+01 0.54
385 269.61 3.76376e+00 5.26601e+01 0.55
386 269.91 3.72477e+00 4.67259e+01 0.52
387 268.92 3.78527e+00 4.99774e+01 0.54
388 269.33 3.89460e+00 5.09264e+01 0.58
389 268.34 3.94996e+00 5.00225e+01 0.61
390 267.30 3.98132e+00 5.00418e+01 0.62
391 268.61 3.74764e+00 4.32095e+01 0.51
392 268.57 3.85240e+00 5.06947e+01 0.54
393 269.07 3.96245e+00 5.21897e+01 0.56
394 269.37 3.90780e+00 4.68262e+01 0.53
395 268.75 3.95845e+00 5.02074e+01 0.55
396 269.05 4.04119e+00 5.07601e+01 0.58
397 269.53 3.98919e+00 4.73130e+01 0.53
398 269.46 4.06913e+00 5.16611e+01 0.56
399 269.59 4.14344e+00 5.19956e+01 0.57
