0 239.32 2.76660e+00 2.05555e+01 0.72
1 238.77 4.12432e+00 3.95625e+01 0.79
2 237.26 5.25786e+00 4.08651e+01 0.81
3 235.54 5.92008e+00 4.02267e+01 0.80
4 232.82 6.35821e+00 4.07719e+01 0.81
5 230.69 6.58252e+00 3.98432e+01 0.81
6 230.52 6.75237e+00 4.01890e+01 0.82
7 235.07 6.18332e+00 3.49165e+01 0.82
8 229.71 6.50088e+00 3.80273e+01 0.84
9 229.30 6.73270e+00 3.89003e+01 0.83
10 228.73 6.78502e+00 3.93243e+01 0.83
11 229.33 6.57135e+00 3.75183e+01 0.82
12 229.86 6.71683e+00 3.96538e+01 0.84
13 230.56 6.87098e+00 3.97980e+01 0.83
14 230.66 6.87271e+00 3.98756e+01 0.82
15 228.99 6.88845e+00 3.93272e+01 0.82
16 229.61 7.00637e+00 3.96970e+01 0.82
17 234.56 6.41837e+00 3.51808e+01 0.82
18 229.91 6.63942e+00 3.82828e+01 0.84
19 230.31 6.30546e+00 3.56467e+01 0.80
20 234.92 6.27609e+00 3.58063e+01 0.80
21 229.18 6.58058e+00 3.90949e+01 0.83
22 231.17 6.27036e+00 3.62484e+01 0.80
23 230.71 6.52578e+00 3.95139e+01 0.82
24 234.50 6.35790e+00 3.63921e+01 0.81
25 231.17 6.56793e+00 3.83241e+01 0.83
26 230.32 6.30755e+00 3.61035e+01 0.80
27 230.87 6.51783e+00 3.95632e+01 0.82
28 231.12 6.63127e+00 4.02633e+01 0.82
29 230.75 6.76488e+00 3.97411e+01 0.83
30 230.16 6.89701e+00 3.93643e+01 0.83
31 229.96 7.02123e+00 3.89810e+01 0.83
32 229.92 6.42999e+00 3.49538e+01 0.81
33 230.13 6.61815e+00 3.95207e+01 0.82
34 232.21 6.58145e+00 3.84133e+01 0.82
35 231.19 6.64410e+00 3.86182e+01 0.83
36 230.65 6.34271e+00 3.65476e+01 0.79
37 230.28 6.59656e+00 3.94713e+01 0.82
38 234.46 6.39968e+00 3.61542e+01 0.81
39 229.35 6.66683e+00 3.84715e+01 0.83
40 230.04 6.85902e+00 3.90897e+01 0.83
41 229.97 6.99922e+00 3.91297e+01 0.83
42 228.71 7.11132e+00 3.82573e+01 0.83
43 229.57 6.36378e+00 3.47641e+01 0.82
44 233.27 6.30531e+00 3.62450e+01 0.81
45 231.41 6.54351e+00 3.86132e+01 0.83
46 229.20 6.52069e+00 3.71719e+01 0.81
47 229.74 6.48826e+00 3.83446e+01 0.82
48 230.97 6.75077e+00 3.95010e+01 0.83
49 231.27 6.79518e+00 3.91820e+01 0.82
50 229.46 6.92746e+00 3.95513e+01 0.82
51 229.49 7.02133e+00 3.91199e+01 0.83
52 229.47 7.08987e+00 3.93938e+01 0.82
53 231.00 6.85598e+00 3.89136e+01 0.82
54 232.40 6.52706e+00 3.65966e+01 0.84
55 228.49 6.67944e+00 3.84091e+01 0.83
56 230.29 6.86478e+00 3.95774e+01 0.82
57 230.13 7.01316e+00 3.93797e+01 0.83
58 228.44 7.07255e+00 3.92222e+01 0.83
59 228.68 7.11290e+00 3.99105e+01 0.84
60 228.45 6.62652e+00 3.66994e+01 0.83
61 229.38 6.80461e+00 3.92999e+01 0.84
62 230.41 6.99273e+00 3.98036e+01 0.83
63 229.81 7.14632e+00 3.97549e+01 0.83
64 229.67 7.22151e+00 3.98903e+01 0.83
65 229.66 7.06881e+00 3.97557e+01 0.83
66 227.64 7.02333e+00 3.93688e+01 0.82
67 229.12 7.07230e+00 3.96673e+01 0.83
68 231.82 6.78443e+00 3.76173e+01 0.82
69 232.48 6.50528e+00 3.61811e+01 0.84
70 229.78 6.73275e+00 3.83057e+01 0.84
71 230.38 6.30703e+00 3.51518e+01 0.80
72 230.35 6.61727e+00 3.92812e+01 0.83
73 235.05 6.31694e+00 3.52200e+01 0.81
74 231.86 6.21033e+00 3.58537e+01 0.79
75 234.38 6.23956e+00 3.53466e+01 0.80
76 231.11 6.28263e+00 3.65408e+01 0.79
77 230.86 6.52572e+00 3.90102e+01 0.83
78 234.63 6.27625e+00 3.60295e+01 0.80
79 229.45 6.51378e+00 3.89885e+01 0.82
80 231.16 6.67574e+00 4.00669e+01 0.82
81 231.08 6.40745e+00 3.65355e+01 0.80
82 230.48 6.67374e+00 3.98471e+01 0.83
83 230.56 6.87683e+00 3.96899e+01 0.83
84 230.91 6.85366e+00 3.94393e+01 0.82
85 228.98 6.95324e+00 3.96861e+01 0.82
86 229.02 7.01230e+00 3.93224e+01 0.82
87 229.43 7.10679e+00 3.99764e+01 0.83
88 231.80 6.76781e+00 3.78270e+01 0.82
89 229.27 6.84227e+00 3.98376e+01 0.84
90 230.12 6.84044e+00 3.89035e+01 0.84
91 229.92 6.41127e+00 3.59072e+01 0.80
92 230.09 6.69435e+00 3.99539e+01 0.83
93 230.01 6.89767e+00 3.98780e+01 0.83
94 230.17 7.05789e+00 3.98002e+01 0.83
95 229.86 7.18166e+00 3.96837e+01 0.83
96 233.38 6.65542e+00 3.56126e+01 0.83
97 227.22 6.69471e+00 3.84505e+01 0.82
98 229.33 6.83392e+00 3.93479e+01 0.83
99 229.11 6.85442e+00 3.93591e+01 0.83
100 234.46 6.41886e+00 3.49007e+01 0.82
101 229.18 6.68013e+00 3.78288e+01 0.84
102 229.40 6.88694e+00 3.89824e+01 0.84
103 229.56 7.04390e+00 3.92315e+01 0.84
104 229.44 7.16653e+00 3.86451e+01 0.83
105 228.13 6.68968e+00 3.58100e+01 0.82
106 229.15 6.86882e+00 4.00123e+01 0.84
107 229.85 7.02456e+00 3.92881e+01 0.83
108 229.61 7.12603e+00 4.01455e+01 0.83
109 230.37 6.99670e+00 3.94319e+01 0.83
110 228.34 7.05898e+00 4.02323e+01 0.83
111 228.54 7.11732e+00 4.02113e+01 0.83
112 228.54 7.15547e+00 4.05596e+01 0.83
113 228.56 7.18108e+00 4.01530e+01 0.84
114 228.63 7.20621e+00 3.98043e+01 0.84
115 228.51 7.22831e+00 3.97855e+01 0.84
116 228.32 7.24682e+00 4.00394e+01 0.83
117 228.50 7.25005e+00 4.03255e+01 0.83
118 228.60 7.25095e+00 4.02382e+01 0.83
119 228.47 7.24639e+00 4.04515e+01 0.83
120 228.15 7.24389e+00 3.98303e+01 0.83
121 228.57 7.26391e+00 3.99147e+01 0.83
122 228.60 7.28114e+00 3.97901e+01 0.83
123 228.58 7.27914e+00 3.92359e+01 0.84
124 228.38 7.21397e+00 3.92719e+01 0.84
125 228.20 7.20123e+00 3.93285e+01 0.84
126 228.82 7.23655e+00 3.89002e+01 0.84
127 231.86 6.75483e+00 3.53503e+01 0.83
128 228.02 6.87876e+00 3.86900e+01 0.84
129 228.56 6.99718e+00 3.96233e+01 0.84
130 228.64 7.04348e+00 3.99485e+01 0.83
131 228.76 7.09278e+00 3.99555e+01 0.84
132 228.65 7.15032e+00 3.99778e+01 0.84
133 228.66 7.20135e+00 3.97263e+01 0.84
134 228.45 7.21570e+00 3.96147e+01 0.84
135 228.30 7.22449e+00 3.96469e+01 0.84
136 230.69 6.92423e+00 3.74316e+01 0.83
137 228.54 6.97678e+00 3.90027e+01 0.84
138 228.73 7.05006e+00 3.89923e+01 0.84
139 228.67 7.12240e+00 3.87876e+01 0.83
140 228.41 7.16965e+00 3.93528e+01 0.84
141 228.45 7.19262e+00 3.98223e+01 0.84
142 227.53 6.92109e+00 3.83376e+01 0.83
143 228.98 7.01826e+00 3.94679e+01 0.84
144 229.00 7.10762e+00 3.98775e+01 0.83
145 228.95 7.17629e+00 4.01641e+01 0.83
146 229.28 7.21389e+00 3.95390e+01 0.83
147 229.10 7.08989e+00 4.02667e+01 0.83
148 229.23 6.97599e+00 3.91755e+01 0.84
149 228.79 6.99145e+00 3.89548e+01 0.84
150 228.45 7.06751e+00 3.89059e+01 0.84
151 228.00 7.09715e+00 3.91777e+01 0.83
152 227.86 7.00393e+00 3.97522e+01 0.83
153 228.22 6.85175e+00 3.92456e+01 0.84
154 229.25 6.89248e+00 3.92502e+01 0.84
155 230.03 7.02513e+00 3.95165e+01 0.84
156 229.67 7.15985e+00 3.96573e+01 0.84
157 231.92 6.73752e+00 3.60952e+01 0.82
158 227.64 6.76682e+00 3.83010e+01 0.82
159 228.89 6.80708e+00 3.95207e+01 0.83
160 234.56 6.38944e+00 3.53877e+01 0.81
161 228.96 6.65300e+00 3.85162e+01 0.84
162 229.13 6.82357e+00 3.93742e+01 0.83
163 229.25 6.97211e+00 3.99995e+01 0.83
164 229.11 7.08456e+00 4.04738e+01 0.83
165 228.76 7.15366e+00 4.00061e+01 0.83
166 227.97 6.99940e+00 3.93719e+01 0.83
167 229.17 7.08461e+00 3.97624e+01 0.84
168 229.07 7.16733e+00 3.96473e+01 0.83
169 228.67 7.22990e+00 4.01086e+01 0.83
170 228.89 7.20529e+00 4.01915e+01 0.83
171 228.64 7.19787e+00 4.05325e+01 0.83
172 228.43 7.18319e+00 4.04973e+01 0.83
173 228.57 7.19117e+00 3.98313e+01 0.83
174 228.13 7.20559e+00 4.04816e+01 0.83
175 228.53 7.22023e+00 4.06351e+01 0.83
176 228.21 7.13808e+00 3.88973e+01 0.83
177 229.08 7.16034e+00 3.97262e+01 0.84
178 228.69 7.19619e+00 3.98276e+01 0.84
179 228.74 7.22842e+00 3.95874e+01 0.84
180 228.79 7.26395e+00 3.90752e+01 0.84
181 228.57 7.29942e+00 3.98199e+01 0.84
182 230.79 6.88030e+00 3.67576e+01 0.83
183 227.54 6.93994e+00 3.92085e+01 0.84
184 228.64 6.99482e+00 3.88285e+01 0.83
185 228.59 7.05569e+00 3.98316e+01 0.83
186 228.62 7.08186e+00 3.94432e+01 0.83
187 229.09 7.10700e+00 3.97366e+01 0.84
188 231.83 6.73903e+00 3.64794e+01 0.82
189 228.12 6.87080e+00 3.93334e+01 0.84
190 228.43 6.97002e+00 3.96982e+01 0.83
191 228.56 7.01759e+00 4.01407e+01 0.84
192 229.36 7.06585e+00 4.00109e+01 0.83
193 229.34 7.08129e+00 4.00268e+01 0.83
194 229.08 7.10521e+00 4.00371e+01 0.83
195 228.62 7.13006e+00 3.94823e+01 0.83
196 228.28 7.14442e+00 3.96490e+01 0.83
197 228.09 7.06014e+00 3.97723e+01 0.83
198 228.42 7.01074e+00 3.91651e+01 0.84
199 228.67 7.05716e+00 3.96834e+01 0.84
200 229.19 7.15331e+00 3.96055e+01 0.84
201 228.70 7.19266e+00 3.98279e+01 0.83
202 229.05 7.07050e+00 3.97564e+01 0.84
203 228.96 6.98165e+00 3.97931e+01 0.84
204 229.15 6.98583e+00 3.91580e+01 0.84
205 228.94 7.06338e+00 3.94415e+01 0.83
206 228.76 7.13513e+00 3.90859e+01 0.83
207 227.83 7.06114e+00 3.92557e+01 0.83
208 228.66 7.05504e+00 3.93940e+01 0.84
209 228.31 7.02588e+00 3.93952e+01 0.84
210 229.37 7.10950e+00 3.95934e+01 0.84
211 231.12 6.81338e+00 3.74564e+01 0.82
212 227.71 6.90738e+00 3.97720e+01 0.83
213 228.94 6.99926e+00 4.01293e+01 0.83
214 229.60 7.03693e+00 3.99809e+01 0.83
215 229.30 7.06693e+00 3.94565e+01 0.83
216 228.89 7.10346e+00 3.90123e+01 0.83
217 228.68 6.72780e+00 3.64536e+01 0.82
218 229.65 6.85980e+00 3.96748e+01 0.83
219 229.53 6.92279e+00 4.00160e+01 0.82
220 229.72 6.90892e+00 4.02470e+01 0.83
221 229.49 6.91023e+00 3.97827e+01 0.83
222 229.62 6.96542e+00 3.91451e+01 0.83
223 228.97 7.05011e+00 3.94292e+01 0.83
224 228.74 6.79714e+00 3.75858e+01 0.82
225 229.23 6.88926e+00 3.93943e+01 0.83
226 229.23 6.98624e+00 3.98830e+01 0.82
227 229.41 7.05337e+00 4.00058e+01 0.83
228 229.62 7.12720e+00 3.99856e+01 0.83
229 229.25 7.19804e+00 3.93716e+01 0.83
230 230.57 7.00391e+00 3.93373e+01 0.83
231 228.49 7.03861e+00 4.02824e+01 0.84
232 229.13 6.99970e+00 3.97333e+01 0.84
233 228.09 6.76756e+00 3.74639e+01 0.82
234 229.24 6.90536e+00 4.01709e+01 0.83
235 229.75 6.96729e+00 3.96577e+01 0.82
236 228.99 7.03193e+00 4.01691e+01 0.82
237 230.19 7.13637e+00 3.97324e+01 0.82
238 229.39 7.16817e+00 4.03371e+01 0.82
239 229.72 7.04685e+00 3.98812e+01 0.83
240 229.49 6.93779e+00 3.91200e+01 0.83
241 228.63 6.98523e+00 3.97976e+01 0.83
242 228.42 7.05765e+00 3.97903e+01 0.83
243 228.34 7.07542e+00 3.97940e+01 0.83
244 229.33 7.07327e+00 3.99208e+01 0.82
245 228.92 6.77139e+00 3.69841e+01 0.82
246 229.68 6.92070e+00 3.87223e+01 0.84
247 229.41 7.02002e+00 4.00534e+01 0.83
248 229.30 7.00399e+00 4.00979e+01 0.83
249 229.55 6.92682e+00 3.99740e+01 0.83
250 229.20 6.94085e+00 3.89672e+01 0.84
251 229.01 7.01228e+00 3.92993e+01 0.83
252 228.75 7.09875e+00 3.93951e+01 0.83
253 227.98 6.84405e+00 3.78139e+01 0.82
254 229.09 6.94061e+00 3.94129e+01 0.83
255 229.03 7.02203e+00 4.02498e+01 0.83
256 228.90 7.09714e+00 4.02801e+01 0.83
257 229.28 7.15824e+00 3.95548e+01 0.83
258 228.91 7.18116e+00 3.96448e+01 0.84
259 228.91 7.20691e+00 3.93123e+01 0.84
260 232.73 6.65736e+00 3.48098e+01 0.83
261 228.68 6.82549e+00 3.80928e+01 0.84
262 229.06 6.99586e+00 3.86074e+01 0.84
263 229.27 7.12373e+00 3.83808e+01 0.84
264 228.93 7.22480e+00 3.87260e+01 0.84
265 228.49 6.56322e+00 3.51707e+01 0.82
266 229.18 6.78163e+00 3.96907e+01 0.84
267 229.98 6.97613e+00 3.96280e+01 0.84
268 230.01 7.12670e+00 3.96637e+01 0.83
269 233.18 6.63150e+00 3.54040e+01 0.83
270 228.75 6.81166e+00 3.85434e+01 0.84
271 229.46 6.98545e+00 3.90256e+01 0.84
272 229.42 7.12423e+00 3.87778e+01 0.83
273 229.11 6.58469e+00 3.50991e+01 0.81
274 229.71 6.80590e+00 3.85548e+01 0.84
275 229.89 6.97522e+00 3.96242e+01 0.83
276 229.74 7.07631e+00 3.95330e+01 0.83
277 230.66 6.89786e+00 3.91246e+01 0.83
278 228.22 6.98698e+00 4.03130e+01 0.83
279 229.23 7.07040e+00 3.96649e+01 0.83
280 229.39 7.12871e+00 3.96912e+01 0.83
281 227.90 7.05654e+00 3.92257e+01 0.83
282 229.15 7.12108e+00 3.95765e+01 0.83
283 228.72 7.18106e+00 3.98485e+01 0.83
284 228.61 7.22511e+00 3.98962e+01 0.83
285 230.83 6.98616e+00 3.82010e+01 0.83
286 228.14 7.04266e+00 3.96591e+01 0.84
287 228.64 7.11106e+00 3.98921e+01 0.83
288 229.04 7.14543e+00 3.94440e+01 0.83
289 228.14 6.78079e+00 3.58694e+01 0.82
290 229.17 6.93469e+00 3.93554e+01 0.84
291 229.41 7.07346e+00 3.99294e+01 0.84
292 229.22 7.11892e+00 3.99560e+01 0.83
293 229.09 7.08617e+00 4.01329e+01 0.83
294 228.85 7.03721e+00 4.02973e+01 0.83
295 229.35 6.96649e+00 3.98482e+01 0.84
296 229.06 7.00533e+00 3.97341e+01 0.84
297 228.82 7.08057e+00 4.00118e+01 0.83
298 227.79 7.02304e+00 3.91481e+01 0.83
299 228.49 6.99790e+00 3.97671e+01 0.84
300 228.91 7.02322e+00 3.95099e+01 0.84
301 232.10 6.73194e+00 3.70796e+01 0.82
302 228.12 6.87708e+00 3.89729e+01 0.83
303 228.30 6.93271e+00 3.94038e+01 0.83
304 229.10 7.00590e+00 4.09338e+01 0.83
305 229.48 7.03087e+00 3.97990e+01 0.83
306 229.47 7.07624e+00 3.95674e+01 0.83
307 228.81 7.11737e+00 3.91797e+01 0.83
308 228.64 6.73332e+00 3.65399e+01 0.82
309 229.57 6.89014e+00 3.93787e+01 0.84
310 229.45 7.01736e+00 4.00416e+01 0.83
311 229.28 7.08347e+00 4.03373e+01 0.82
312 229.37 7.02609e+00 4.01828e+01 0.83
313 228.79 7.06413e+00 4.02505e+01 0.83
314 229.36 7.06802e+00 3.97701e+01 0.83
315 229.16 7.01684e+00 3.96017e+01 0.83
316 228.86 7.03401e+00 3.91943e+01 0.83
317 229.31 6.56088e+00 3.52946e+01 0.81
318 229.76 6.77124e+00 3.83044e+01 0.84
319 229.62 6.95692e+00 3.95416e+01 0.84
320 231.08 6.76936e+00 3.82785e+01 0.82
321 232.20 6.54227e+00 3.67760e+01 0.84
322 228.38 6.59162e+00 3.73701e+01 0.82
323 232.66 6.63642e+00 3.82232e+01 0.81
324 232.54 6.07950e+00 3.48899e+01 0.82
325 232.40 5.91555e+00 3.54723e+01 0.83
326 228.98 6.08415e+00 3.61934e+01 0.82
327 230.86 6.36741e+00 3.86453e+01 0.83
328 232.61 5.92792e+00 3.53388e+01 0.80
329 231.57 6.41591e+00 3.91455e+01 0.84
330 233.24 5.91338e+00 3.49413e+01 0.82
331 231.47 6.22786e+00 3.84648e+01 0.84
332 234.84 6.14518e+00 3.76426e+01 0.81
333 231.58 6.44010e+00 3.93077e+01 0.83
334 234.67 5.89951e+00 3.42037e+01 0.83
335 233.72 5.78384e+00 3.56085e+01 0.82
336 235.01 5.87780e+00 3.71864e+01 0.82
337 232.60 6.18645e+00 3.95139e+01 0.83
338 234.36 5.84661e+00 3.49437e+01 0.82
339 233.92 5.91653e+00 3.61093e+01 0.81
340 234.09 5.95025e+00 3.57610e+01 0.81
341 231.15 6.43130e+00 3.82017e+01 0.84
342 233.46 6.07449e+00 3.54641e+01 0.82
343 234.21 6.11198e+00 3.53881e+01 0.82
344 233.61 6.08337e+00 3.60211e+01 0.82
345 233.74 6.04043e+00 3.54779e+01 0.82
346 232.34 6.24712e+00 3.77385e+01 0.83
347 232.33 5.87456e+00 3.50233e+01 0.81
348 234.96 5.88476e+00 3.64016e+01 0.82
349 234.45 5.81005e+00 3.58757e+01 0.82
350 233.58 5.86186e+00 3.56320e+01 0.81
351 234.48 5.88120e+00 3.69941e+01 0.81
352 232.86 6.22735e+00 3.99603e+01 0.82
353 231.35 6.57553e+00 3.97749e+01 0.83
354 232.47 6.03849e+00 3.52653e+01 0.80
355 233.73 5.86934e+00 3.59396e+01 0.82
356 231.88 5.79700e+00 3.68973e+01 0.81
357 233.08 6.09838e+00 3.93595e+01 0.81
358 233.65 5.78676e+00 3.47250e+01 0.80
359 234.79 5.81508e+00 3.62846e+01 0.81
360 230.50 6.10491e+00 3.93841e+01 0.82
361 232.22 6.40592e+00 4.07672e+01 0.82
362 231.36 6.38229e+00 3.88627e+01 0.80
363 230.43 6.32557e+00 3.80369e+01 0.82
364 232.47 6.49319e+00 4.05248e+01 0.81
365 230.41 6.65846e+00 3.89715e+01 0.81
366 233.85 6.59068e+00 4.01076e+01 0.81
367 232.16 6.49179e+00 4.04272e+01 0.83
368 230.80 6.25312e+00 3.64865e+01 0.79
369 234.55 6.30613e+00 3.87418e+01 0.80
370 231.81 6.52782e+00 4.01469e+01 0.83
371 228.91 6.52615e+00 4.01521e+01 0.81
372 234.14 6.55833e+00 3.85875e+01 0.81
373 229.41 6.65383e+00 3.99559e+01 0.81
374 232.27 6.71384e+00 4.06399e+01 0.81
375 229.51 6.88294e+00 4.01125e+01 0.83
376 230.28 6.37009e+00 3.63522e+01 0.81
377 230.04 6.57357e+00 3.86427e+01 0.84
378 232.10 6.59079e+00 4.01030e+01 0.82
379 229.65 6.71470e+00 3.94073e+01 0.82
380 230.35 6.93971e+00 3.98418e+01 0.83
381 233.27 6.60942e+00 3.87536e+01 0.81
382 229.35 6.77785e+00 4.12258e+01 0.84
383 229.66 6.54036e+00 3.66389e+01 0.80
384 230.37 6.77899e+00 3.96302e+01 0.83
385 230.41 6.94716e+00 3.95539e+01 0.83
386 233.06 6.62418e+00 3.83778e+01 0.82
387 228.20 6.79335e+00 4.17034e+01 0.83
388 229.50 6.92902e+00 4.20964e+01 0.83
389 230.63 6.93833e+00 4.10842e+01 0.83
390 229.16 6.97872e+00 4.12113e+01 0.84
391 229.78 6.42970e+00 3.64710e+01 0.81
392 229.82 6.70085e+00 3.98459e+01 0.84
393 229.97 6.90918e+00 4.05537e+01 0.83
394 232.68 6.60716e+00 3.91217e+01 0.82
395 228.50 6.78137e+00 4.10527e+01 0.83
396 229.84 6.90261e+00 4.21015e+01 0.83
397 230.04 6.59111e+00 3.71646e+01 0.80
398 230.18 6.81120e+00 3.98786e+01 0.83
399 230.06 6.98256e+00 4.01988e+01 0.83
