0 269.16 1.56711e+00 9.26874e-02 0.45
1 275.50 9.80786e-01 5.49467e-01 0.35
2 276.55 2.17611e-01 1.42089e+00 0.07
3 277.08 5.00676e-02 1.97904e+00 0.01
4 277.28 1.16370e-02 2.44140e+00 0.00
5 277.23 0.00000e+00 2.39415e+00 0.00
6 276.93 0.00000e+00 1.86384e+00 0.00
7 275.84 0.00000e+00 1.84501e+00 0.00
8 274.71 5.34072e-05 1.71683e+00 0.00
9 273.86 6.64288e-03 1.89938e+00 0.00
10 272.93 1.30116e-01 1.93343e+00 0.19
11 271.57 3.92360e-01 2.04103e+00 0.48
12 271.13 5.46936e-01 2.68663e+00 0.56
13 270.48 8.44628e-01 3.31285e+00 0.73
14 270.40 1.05830e+00 4.39370e+00 0.74
15 270.24 1.26485e+00 5.29675e+00 0.75
16 271.02 1.25521e+00 5.37608e+00 0.69
17 271.72 1.20248e+00 4.65503e+00 0.62
18 271.97 9.74121e-01 4.35067e+00 0.52
19 271.67 9.42266e-01 3.88153e+00 0.53
20 270.50 1.16712e+00 4.05750e+00 0.70
21 269.43 1.44594e+00 4.77827e+00 0.77
22 269.21 1.67931e+00 4.18456e+00 0.80
23 269.58 1.79073e+00 4.86962e+00 0.76
24 269.03 2.00578e+00 5.27876e+00 0.80
25 270.14 1.95512e+00 4.95952e+00 0.73
26 270.04 1.98974e+00 5.03895e+00 0.71
27 269.63 2.14939e+00 5.01387e+00 0.78
28 269.24 2.33659e+00 4.98045e+00 0.81
29 268.81 2.42580e+00 5.11430e+00 0.77
30 269.06 2.58172e+00 5.42687e+00 0.78
31 269.08 2.67288e+00 5.44935e+00 0.77
32 269.38 2.77196e+00 5.66992e+00 0.76
33 268.82 2.95248e+00 5.89120e+00 0.79
34 268.98 3.11183e+00 6.31170e+00 0.79
35 268.95 3.25889e+00 6.13912e+00 0.79
36 270.16 3.07244e+00 5.27056e+00 0.74
37 269.74 3.08152e+00 5.97479e+00 0.74
38 269.19 3.24028e+00 6.10095e+00 0.78
39 269.40 3.33465e+00 6.10526e+00 0.76
40 269.53 3.44938e+00 6.09488e+00 0.78
41 270.40 3.36937e+00 5.49684e+00 0.71
42 269.12 3.53114e+00 5.30920e+00 0.79
43 269.19 3.61265e+00 5.80058e+00 0.76
44 269.61 3.68549e+00 6.08149e+00 0.75
45 269.02 3.84644e+00 5.98775e+00 0.78
46 269.02 3.98645e+00 6.08805e+00 0.78
47 269.12 4.11355e+00 6.28066e+00 0.78
48 270.38 3.87177e+00 5.38855e+00 0.72
49 269.81 3.87916e+00 6.00938e+00 0.74
50 269.35 4.01684e+00 5.83664e+00 0.78
51 269.23 4.14152e+00 6.00047e+00 0.78
52 269.23 4.27016e+00 6.16159e+00 0.78
53 269.49 4.31564e+00 6.34174e+00 0.77
54 269.07 4.43505e+00 6.03160e+00 0.79
55 269.65 4.36112e+00 5.46516e+00 0.73
56 270.22 4.36478e+00 4.99774e+00 0.72
57 270.06 4.37767e+00 4.73131e+00 0.71
58 269.92 4.46144e+00 5.76861e+00 0.75
59 270.03 4.46746e+00 5.21603e+00 0.72
60 268.95 4.61479e+00 5.84419e+00 0.77
61 269.07 4.72665e+00 6.10469e+00 0.77
62 269.27 4.81501e+00 6.50632e+00 0.77
63 269.03 4.92992e+00 5.84367e+00 0.79
64 269.63 4.84399e+00 5.67483e+00 0.74
65 270.10 4.84009e+00 5.30572e+00 0.72
66 269.82 4.86482e+00 4.78968e+00 0.72
67 269.73 4.95066e+00 5.93877e+00 0.76
68 270.18 4.91700e+00 5.07050e+00 0.71
69 268.89 5.06193e+00 5.67875e+00 0.78
70 269.37 5.05391e+00 5.69656e+00 0.74
71 269.54 5.08041e+00 5.50762e+00 0.74
72 268.61 5.20954e+00 5.77946e+00 0.78
73 269.06 5.25243e+00 6.11992e+00 0.77
74 269.26 5.31372e+00 6.16712e+00 0.78
75 269.41 5.36091e+00 6.12735e+00 0.78
76 269.23 5.42402e+00 6.31140e+00 0.78
77 269.63 5.35784e+00 5.67688e+00 0.76
78 269.55 5.30947e+00 5.30491e+00 0.74
79 269.17 5.34612e+00 6.26503e+00 0.77
80 269.25 5.27530e+00 5.85701e+00 0.79
81 269.02 5.24645e+00 5.77353e+00 0.80
82 268.89 5.21966e+00 5.73087e+00 0.78
83 267.83 5.31644e+00 5.19006e+00 0.80
84 268.21 5.41234e+00 6.04185e+00 0.80
85 268.30 5.49736e+00 6.17078e+00 0.80
86 269.38 5.39198e+00 5.35683e+00 0.78
87 269.23 5.31867e+00 4.63153e+00 0.76
88 269.83 4.81407e+00 4.58733e+00 0.82
89 268.81 4.60097e+00 4.06677e+00 0.80
90 267.62 4.80478e+00 4.74839e+00 0.85
91 267.73 4.88442e+00 4.26195e+00 0.86
92 268.20 4.90580e+00 4.30091e+00 0.82
93 266.90 5.06418e+00 4.85465e+00 0.85
94 267.62 5.07809e+00 4.54948e+00 0.86
95 267.92 5.06836e+00 4.72581e+00 0.85
96 266.64 5.21579e+00 4.97313e+00 0.87
97 267.44 5.18828e+00 4.78743e+00 0.89
98 267.20 5.20465e+00 4.06512e+00 0.91
99 266.13 5.28952e+00 3.99310e+00 0.92
100 266.09 5.39071e+00 4.02218e+00 0.92
101 266.30 5.48415e+00 4.11846e+00 0.91
102 266.17 5.55759e+00 4.40047e+00 0.89
103 266.04 5.67108e+00 4.90991e+00 0.90
104 266.75 5.67071e+00 4.22494e+00 0.91
105 265.76 5.72144e+00 4.12428e+00 0.90
106 265.56 5.82966e+00 4.58486e+00 0.91
107 265.52 5.94018e+00 5.01340e+00 0.91
108 265.26 6.06478e+00 5.45836e+00 0.91
109 264.95 6.17915e+00 5.07448e+00 0.90
110 265.07 6.22777e+00 5.27987e+00 0.91
111 265.08 6.18355e+00 5.44382e+00 0.94
112 265.29 6.15421e+00 4.40303e+00 0.92
113 264.33 6.29008e+00 5.27430e+00 0.92
114 264.79 6.33243e+00 5.03656e+00 0.94
115 264.46 6.40445e+00 5.26707e+00 0.93
116 263.87 6.53032e+00 4.95876e+00 0.93
117 264.24 6.56508e+00 4.72420e+00 0.94
118 264.26 6.64072e+00 5.01260e+00 0.94
119 264.26 6.72512e+00 5.39398e+00 0.93
120 264.11 6.81799e+00 5.63588e+00 0.93
121 264.38 6.87912e+00 5.12159e+00 0.94
122 263.34 6.95792e+00 5.26518e+00 0.94
123 263.22 7.05371e+00 5.25715e+00 0.93
124 263.66 7.13065e+00 5.75792e+00 0.94
125 263.40 7.22693e+00 5.15432e+00 0.95
126 263.65 7.21975e+00 4.90065e+00 0.97
127 263.02 7.28935e+00 4.54703e+00 0.96
128 262.71 7.37153e+00 5.04689e+00 0.96
129 262.39 7.44953e+00 5.38972e+00 0.95
130 263.16 7.50180e+00 4.80266e+00 0.98
131 261.24 7.56166e+00 5.40914e+00 0.97
132 261.84 7.60418e+00 4.96544e+00 0.98
133 260.73 7.64200e+00 5.15345e+00 0.97
134 260.56 7.71047e+00 5.08656e+00 0.97
135 259.76 7.76374e+00 5.64219e+00 0.97
136 260.73 7.82576e+00 5.53065e+00 0.97
137 259.65 7.86752e+00 5.35449e+00 0.97
138 260.16 7.91449e+00 5.45376e+00 0.98
139 260.09 7.95964e+00 5.08398e+00 0.99
140 259.81 8.00832e+00 5.37685e+00 0.99
141 259.69 8.05225e+00 4.71871e+00 1.00
142 258.83 8.11382e+00 4.64623e+00 0.99
143 259.47 8.17420e+00 4.62939e+00 1.00
144 258.13 8.22089e+00 4.73970e+00 1.00
145 257.66 8.26885e+00 5.00287e+00 1.00
146 256.82 8.32155e+00 5.29510e+00 1.00
147 257.42 8.37520e+00 4.96931e+00 1.00
148 255.91 8.43219e+00 4.78226e+00 1.00
149 255.77 8.48142e+00 4.89082e+00 1.00
150 255.43 8.52442e+00 5.24959e+00 1.00
151 255.26 8.56988e+00 4.71616e+00 1.00
152 254.67 8.61031e+00 4.72078e+00 1.00
153 254.90 8.65222e+00 4.65005e+00 1.00
154 254.28 8.69186e+00 4.85879e+00 1.00
155 254.20 8.72705e+00 4.77446e+00 1.00
156 255.23 8.76408e+00 4.79677e+00 1.00
157 254.27 8.80843e+00 5.07383e+00 1.00
158 253.98 8.85237e+00 4.92773e+00 1.00
159 253.97 8.89538e+00 5.08333e+00 1.00
160 253.97 8.92627e+00 4.85282e+00 1.00
161 253.36 8.94902e+00 4.89594e+00 1.00
162 254.09 8.97356e+00 4.50245e+00 1.00
163 253.07 8.99570e+00 5.01621e+00 1.00
164 252.91 9.00000e+00 4.62086e+00 1.00
165 252.58 9.00000e+00 5.04515e+00 1.00
166 252.57 9.00000e+00 4.89455e+00 1.00
167 252.59 9.00000e+00 5.29537e+00 1.00
168 252.43 9.00000e+00 4.86367e+00 1.00
169 252.67 9.00000e+00 4.56476e+00 1.00
170 252.01 9.00000e+00 4.45853e+00 1.00
171 251.89 9.00000e+00 4.92838e+00 1.00
172 251.76 9.00000e+00 5.06630e+00 1.00
173 252.63 9.00000e+00 4.41841e+00 1.00
174 251.56 9.00000e+00 4.99397e+00 1.00
175 251.78 9.00000e+00 4.74779e+00 1.00
176 251.57 9.00000e+00 5.06841e+00 1.00
177 251.60 9.00000e+00 4.78411e+00 1.00
178 251.26 9.00000e+00 5.16523e+00 1.00
179 251.43 9.00000e+00 4.59953e+00 1.00
180 251.16 9.00000e+00 4.76536e+00 1.00
181 251.38 9.00000e+00 4.81764e+00 1.00
182 251.26 9.00000e+00 4.67605e+00 1.00
183 251.30 9.00000e+00 4.93535e+00 1.00
184 251.01 9.00000e+00 4.98488e+00 1.00
185 251.02 9.00000e+00 4.42380e+00 1.00
186 250.86 9.00000e+00 4.93053e+00 1.00
187 251.13 9.00000e+00 4.67722e+00 1.00
188 251.18 9.00000e+00 4.85263e+00 1.00
189 251.27 9.00000e+00 4.58684e+00 1.00
190 251.43 9.00000e+00 4.47212e+00 1.00
191 251.18 9.00000e+00 4.75772e+00 1.00
192 251.11 9.00000e+00 4.99283e+00 1.00
193 250.98 9.00000e+00 4.59376e+00 1.00
194 251.67 9.00000e+00 4.37907e+00 1.00
195 250.61 9.00000e+00 4.82707e+00 1.00
196 251.21 9.00000e+00 4.95914e+00 1.00
197 251.07 9.00000e+00 5.06919e+00 1.00
198 251.02 9.00000e+00 4.85408e+00 1.00
199 251.33 9.00000e+00 4.82596e+00 1.00
200 250.93 9.00000e+00 4.99644e+00 1.00
201 251.60 9.00000e+00 4.64301e+00 1.00
202 251.04 9.00000e+00 4.74691e+00 1.00
203 251.81 9.00000e+00 4.97620e+00 1.00
204 251.31 9.00000e+00 4.60501e+00 1.00
205 250.78 9.00000e+00 4.43694e+00 1.00
206 251.70 9.00000e+00 4.87641e+00 1.00
207 250.78 9.00000e+00 5.12603e+00 1.00
208 251.22 9.00000e+00 4.52213e+00 1.00
209 250.97 9.00000e+00 5.21454e+00 1.00
210 250.85 9.00000e+00 5.36943e+00 1.00
211 251.26 9.00000e+00 4.86095e+00 1.00
212 250.96 9.00000e+00 5.06868e+00 1.00
213 251.29 9.00000e+00 4.85564e+00 1.00
214 251.44 9.00000e+00 5.01004e+00 1.00
215 250.97 9.00000e+00 4.99400e+00 1.00
216 251.81 9.00000e+00 4.28331e+00 1.00
217 251.85 9.00000e+00 4.67706e+00 1.00
218 251.81 9.00000e+00 4.68436e+00 1.00
219 252.01 9.00000e+00 4.99075e+00 1.00
220 252.09 9.00000e+00 4.78087e+00 1.00
221 252.04 9.00000e+00 4.71433e+00 1.00
222 252.37 9.00000e+00 4.59585e+00 1.00
223 251.75 9.00000e+00 4.44632e+00 1.00
224 250.86 9.00000e+00 4.61615e+00 1.00
225 251.37 9.00000e+00 4.87200e+00 1.00
226 251.48 9.00000e+00 4.76412e+00 1.00
227 250.66 9.00000e+00 4.92471e+00 1.00
228 251.42 9.00000e+00 5.01592e+00 1.00
229 251.00 9.00000e+00 4.74409e+00 1.00
230 251.39 9.00000e+00 4.85656e+00 1.00
231 251.08 9.00000e+00 4.97037e+00 1.00
232 250.62 9.00000e+00 5.31909e+00 1.00
233 250.42 9.00000e+00 5.37854e+00 1.00
234 250.62 9.00000e+00 4.98404e+00 1.00
235 250.22 9.00000e+00 5.40446e+00 1.00
236 250.35 9.00000e+00 4.99544e+00 1.00
237 250.85 9.00000e+00 4.52496e+00 1.00
238 251.71 9.00000e+00 4.54288e+00 1.00
239 251.17 9.00000e+00 4.80440e+00 1.00
240 251.65 9.00000e+00 4.65626e+00 1.00
241 250.71 9.00000e+00 4.46500e+00 1.00
242 251.50 9.00000e+00 4.47308e+00 1.00
243 251.42 9.00000e+00 4.89236e+00 1.00
244 250.61 9.00000e+00 4.57352e+00 1.00
245 251.27 9.00000e+00 4.78020e+00 1.00
246 251.60 9.00000e+00 4.82426e+00 1.00
247 250.78 9.00000e+00 4.81502e+00 1.00
248 251.21 9.00000e+00 4.97995e+00 1.00
249 251.06 9.00000e+00 4.41909e+00 1.00
250 251.23 9.00000e+00 4.05183e+00 1.00
251 250.69 9.00000e+00 4.93485e+00 1.00
252 251.18 9.00000e+00 4.85434e+00 1.00
253 251.06 9.00000e+00 4.69281e+00 1.00
254 250.34 9.00000e+00 4.76434e+00 1.00
255 250.48 9.00000e+00 4.93100e+00 1.00
256 250.31 9.00000e+00 4.65562e+00 1.00
257 249.99 9.00000e+00 4.71436e+00 1.00
258 249.84 9.00000e+00 4.78668e+00 1.00
259 251.10 9.00000e+00 4.78146e+00 1.00
260 250.47 9.00000e+00 4.81568e+00 1.00
261 250.42 9.00000e+00 4.78267e+00 1.00
262 250.92 9.00000e+00 4.68971e+00 1.00
263 251.87 9.00000e+00 4.84269e+00 1.00
264 251.55 9.00000e+00 4.85853e+00 1.00
265 250.65 9.00000e+00 4.77072e+00 1.00
266 250.85 9.00000e+00 4.65851e+00 1.00
267 251.82 9.00000e+00 4.67162e+00 1.00
268 251.60 9.00000e+00 4.39012e+00 1.00
269 251.58 9.00000e+00 4.34262e+00 1.00
270 251.25 9.00000e+00 4.63909e+00 1.00
271 251.39 9.00000e+00 4.78447e+00 1.00
272 250.62 9.00000e+00 4.75870e+00 1.00
273 250.56 9.00000e+00 5.16526e+00 1.00
274 251.47 9.00000e+00 4.55091e+00 1.00
275 250.45 9.00000e+00 5.08568e+00 1.00
276 251.30 9.00000e+00 4.52403e+00 1.00
277 250.83 9.00000e+00 4.82044e+00 1.00
278 251.27 9.00000e+00 4.59668e+00 1.00
279 251.64 9.00000e+00 4.80684e+00 1.00
280 251.28 9.00000e+00 4.31070e+00 1.00
281 250.60 9.00000e+00 4.79220e+00 1.00
282 250.49 9.00000e+00 4.86762e+00 1.00
283 251.04 9.00000e+00 5.00458e+00 1.00
284 250.22 9.00000e+00 4.77378e+00 1.00
285 251.22 9.00000e+00 4.68625e+00 1.00
286 250.45 9.00000e+00 4.89631e+00 1.00
287 250.51 9.00000e+00 4.80105e+00 1.00
288 251.33 9.00000e+00 4.66742e+00 1.00
289 251.26 9.00000e+00 4.64620e+00 1.00
290 251.18 9.00000e+00 4.83837e+00 1.00
291 250.17 9.00000e+00 4.87777e+00 1.00
292 251.00 9.00000e+00 4.77015e+00 1.00
293 251.00 9.00000e+00 4.96159e+00 1.00
294 251.36 9.00000e+00 4.54625e+00 1.00
295 251.07 9.00000e+00 4.77448e+00 1.00
296 250.32 9.00000e+00 5.07758e+00 1.00
297 250.37 9.00000e+00 4.90517e+00 1.00
298 251.08 9.00000e+00 4.81283e+00 1.00
299 250.29 9.00000e+00 4.80987e+00 1.00
300 251.35 9.00000e+00 4.43411e+00 1.00
301 251.29 9.00000e+00 4.73486e+00 1.00
302 251.44 9.00000e+00 4.86218e+00 1.00
303 251.55 9.00000e+00 4.30643e+00 1.00
304 251.12 9.00000e+00 4.82163e+00 1.00
305 251.26 9.00000e+00 4.72854e+00 1.00
306 250.24 9.00000e+00 4.79978e+00 1.00
307 250.93 9.00000e+00 4.55456e+00 1.00
308 250.04 9.00000e+00 4.51305e+00 1.00
309 250.47 9.00000e+00 5.09647e+00 1.00
310 251.15 9.00000e+00 4.59984e+00 1.00
311 251.40 9.00000e+00 4.73885e+00 1.00
312 251.51 9.00000e+00 4.49464e+00 1.00
313 251.08 9.00000e+00 4.85075e+00 1.00
314 251.19 9.00000e+00 4.93874e+00 1.00
315 250.26 9.00000e+00 4.99691e+00 1.00
316 250.87 9.00000e+00 5.07900e+00 1.00
317 250.75 9.00000e+00 4.72253e+00 1.00
318 251.50 9.00000e+00 4.48360e+00 1.00
319 251.28 9.00000e+00 4.27263e+00 1.00
320 250.97 9.00000e+00 5.02978e+00 1.00
321 250.19 9.00000e+00 4.92671e+00 1.00
322 250.94 9.00000e+00 4.77196e+00 1.00
323 251.16 9.00000e+00 4.65165e+00 1.00
324 250.04 9.00000e+00 4.86229e+00 1.00
325 249.72 9.00000e+00 4.87804e+00 1.00
326 249.56 9.00000e+00 5.32386e+00 1.00
327 249.68 9.00000e+00 4.80734e+00 1.00
328 249.71 9.00000e+00 5.04208e+00 1.00
329 249.72 9.00000e+00 4.96582e+00 1.00
330 249.92 9.00000e+00 4.93616e+00 1.00
331 249.92 9.00000e+00 4.89861e+00 1.00
332 249.78 9.00000e+00 4.67373e+00 1.00
333 249.95 9.00000e+00 4.57432e+00 1.00
334 250.13 9.00000e+00 4.68294e+00 1.00
335 249.99 9.00000e+00 4.71939e+00 1.00
336 250.55 9.00000e+00 4.90192e+00 1.00
337 251.19 9.00000e+00 4.23722e+00 1.00
338 251.14 9.00000e+00 4.10941e+00 1.00
339 250.16 9.00000e+00 4.80497e+00 1.00
340 250.96 9.00000e+00 4.65747e+00 1.00
341 251.25 9.00000e+00 4.82167e+00 1.00
342 250.51 9.00000e+00 4.63060e+00 1.00
343 251.18 9.00000e+00 4.66176e+00 1.00
344 250.36 9.00000e+00 4.91053e+00 1.00
345 250.76 9.00000e+00 5.10595e+00 1.00
346 251.51 9.00000e+00 4.53104e+00 1.00
347 250.92 9.00000e+00 4.37532e+00 1.00
348 250.56 9.00000e+00 5.02113e+00 1.00
349 250.40 9.00000e+00 4.99435e+00 1.00
350 250.46 9.00000e+00 4.80327e+00 1.00
351 250.67 9.00000e+00 4.99348e+00 1.00
352 250.42 9.00000e+00 4.71606e+00 1.00
353 251.34 9.00000e+00 4.61830e+00 1.00
354 250.46 9.00000e+00 5.01908e+00 1.00
355 250.81 9.00000e+00 4.58465e+00 1.00
356 250.54 9.00000e+00 4.64418e+00 1.00
357 250.33 9.00000e+00 4.49579e+00 1.00
358 251.14 9.00000e+00 4.68103e+00 1.00
359 250.75 9.00000e+00 4.56908e+00 1.00
360 250.73 9.00000e+00 4.52298e+00 1.00
361 250.89 9.00000e+00 4.53325e+00 1.00
362 251.16 9.00000e+00 4.85379e+00 1.00
363 251.33 9.00000e+00 4.61962e+00 1.00
364 251.45 9.00000e+00 4.87831e+00 1.00
365 250.65 9.00000e+00 5.13870e+00 1.00
366 250.96 9.00000e+00 5.03730e+00 1.00
367 250.52 9.00000e+00 4.64973e+00 1.00
368 250.59 9.00000e+00 4.76201e+00 1.00
369 250.77 9.00000e+00 4.74625e+00 1.00
370 250.63 9.00000e+00 4.68109e+00 1.00
371 250.56 9.00000e+00 5.11060e+00 1.00
372 251.03 9.00000e+00 4.89922e+00 1.00
373 250.97 9.00000e+00 4.45138e+00 1.00
374 250.50 9.00000e+00 4.72409e+00 1.00
375 250.78 9.00000e+00 4.75691e+00 1.00
376 250.81 9.00000e+00 4.93973e+00 1.00
377 250.59 9.00000e+00 4.82062e+00 1.00
378 250.67 9.00000e+00 4.67638e+00 1.00
379 251.61 9.00000e+00 4.85409e+00 1.00
380 251.36 9.00000e+00 4.41116e+00 1.00
381 250.62 9.00000e+00 4.62884e+00 1.00
382 251.02 9.00000e+00 5.14745e+00 1.00
383 250.84 9.00000e+00 4.80322e+00 1.00
384 251.75 9.00000e+00 4.14821e+00 1.00
385 251.05 9.00000e+00 4.66356e+00 1.00
386 250.83 9.00000e+00 4.96831e+00 1.00
387 250.98 9.00000e+00 4.79492e+00 1.00
388 251.10 9.00000e+00 4.61536e+00 1.00
389 250.91 9.00000e+00 4.88465e+00 1.00
390 251.12 9.00000e+00 4.64603e+00 1.00
391 251.13 9.00000e+00 4.89942e+00 1.00
392 251.10 9.00000e+00 4.92830e+00 1.00
393 251.98 9.00000e+00 4.66059e+00 1.00
394 252.08 9.00000e+00 4.86823e+00 1.00
395 251.92 9.00000e+00 4.68003e+00 1.00
396 251.03 9.00000e+00 4.67029e+00 1.00
397 250.97 9.00000e+00 4.93308e+00 1.00
398 251.70 9.00000e+00 4.66148e+00 1.00
399 250.67 9.00000e+00 4.71697e+00 1.00
