0 269.16 1.56711e+00 9.26874e-02 0.45
1 275.48 1.36100e+00 6.89696e-01 0.50
2 275.92 1.02204e+00 1.80678e+00 0.43
3 275.98 6.84847e-01 2.37445e+00 0.28
4 275.97 4.78538e-01 2.36913e+00 0.17
5 275.84 3.62256e-01 2.45220e+00 0.13
6 275.48 3.17357e-01 2.24922e+00 0.12
7 274.77 3.10440e-01 2.18940e+00 0.14
8 273.79 3.41256e-01 2.19011e+00 0.19
9 272.63 4.35845e-01 1.24977e+00 0.28
10 271.31 6.49207e-01 2.09740e+00 0.48
11 270.15 9.17133e-01 2.28773e+00 0.61
12 269.05 1.26381e+00 3.09227e+00 0.74
13 268.80 1.58300e+00 3.83568e+00 0.79
14 268.90 1.83359e+00 4.96976e+00 0.80
15 269.03 2.04555e+00 5.48720e+00 0.79
16 269.23 2.22679e+00 5.94629e+00 0.79
17 269.45 2.38680e+00 6.07126e+00 0.78
18 269.53 2.53105e+00 6.28873e+00 0.78
19 269.63 2.66423e+00 6.19480e+00 0.78
20 269.72 2.78759e+00 6.42252e+00 0.77
21 269.70 2.90716e+00 6.45820e+00 0.77
22 269.89 3.02103e+00 6.60321e+00 0.77
23 269.87 3.12426e+00 6.22168e+00 0.77
24 269.93 3.22725e+00 6.39612e+00 0.77
25 269.94 3.32622e+00 6.43451e+00 0.76
26 269.89 3.42273e+00 6.31398e+00 0.76
27 270.02 3.51559e+00 6.35834e+00 0.76
28 270.09 3.60577e+00 6.35092e+00 0.76
29 270.21 3.69084e+00 6.34787e+00 0.76
30 270.14 3.77519e+00 6.49582e+00 0.75
31 270.25 3.85530e+00 6.46049e+00 0.75
32 270.36 3.93370e+00 6.74105e+00 0.75
33 270.33 4.00911e+00 6.41837e+00 0.75
34 270.38 4.08274e+00 6.62577e+00 0.75
35 270.38 4.15556e+00 6.39662e+00 0.75
36 270.44 4.22683e+00 6.65537e+00 0.75
37 270.51 4.29638e+00 6.65810e+00 0.75
38 270.53 4.36339e+00 6.53498e+00 0.74
39 270.49 4.42896e+00 6.57141e+00 0.74
40 270.59 4.49401e+00 6.64707e+00 0.74
41 270.65 4.55734e+00 6.34226e+00 0.74
42 270.60 4.61969e+00 6.49327e+00 0.74
43 270.59 4.68216e+00 6.51684e+00 0.74
44 270.61 4.74425e+00 6.57340e+00 0.74
45 270.72 4.80489e+00 6.45482e+00 0.74
46 270.72 4.86404e+00 6.53407e+00 0.74
47 270.70 4.92119e+00 6.75508e+00 0.73
48 270.67 4.97867e+00 6.75584e+00 0.73
49 270.75 5.03603e+00 6.66559e+00 0.73
50 270.73 5.09243e+00 6.62150e+00 0.73
51 270.65 5.15025e+00 6.40763e+00 0.73
52 270.68 5.20620e+00 6.42215e+00 0.73
53 270.64 5.26073e+00 6.47636e+00 0.73
54 270.60 5.31486e+00 6.48222e+00 0.73
55 270.62 5.36797e+00 6.41567e+00 0.73
56 270.68 5.41888e+00 6.38538e+00 0.73
57 270.62 5.46821e+00 6.37711e+00 0.73
58 270.53 5.51653e+00 6.01825e+00 0.73
59 270.63 5.56231e+00 6.65457e+00 0.73
60 270.68 5.60574e+00 6.49597e+00 0.73
61 270.70 5.64679e+00 6.36413e+00 0.73
62 270.71 5.68490e+00 6.47292e+00 0.73
63 270.60 5.72362e+00 6.46260e+00 0.73
64 270.60 5.76118e+00 6.25257e+00 0.73
65 270.53 5.79662e+00 6.47258e+00 0.73
66 270.62 5.83101e+00 6.58994e+00 0.73
67 270.45 5.86317e+00 6.32164e+00 0.73
68 270.45 5.89533e+00 6.55074e+00 0.73
69 270.49 5.92510e+00 6.67372e+00 0.73
70 270.54 5.95356e+00 6.35405e+00 0.73
71 270.55 5.98078e+00 6.55222e+00 0.73
72 270.54 6.00688e+00 6.32921e+00 0.73
73 270.50 6.03134e+00 6.44214e+00 0.73
74 270.65 6.05325e+00 6.30957e+00 0.73
75 270.69 6.07353e+00 6.55871e+00 0.73
76 270.56 6.09312e+00 6.51523e+00 0.73
77 270.46 6.11215e+00 6.45019e+00 0.73
78 270.47 6.13075e+00 6.76052e+00 0.73
79 270.43 6.14839e+00 6.53511e+00 0.73
80 270.36 6.16450e+00 6.37698e+00 0.73
81 270.42 6.17857e+00 6.69999e+00 0.73
82 270.38 6.19222e+00 6.53279e+00 0.73
83 270.29 6.20601e+00 6.49787e+00 0.73
84 270.15 6.21882e+00 6.34811e+00 0.73
85 270.27 6.22992e+00 6.47811e+00 0.73
86 270.23 6.24058e+00 6.50105e+00 0.73
87 270.27 6.25079e+00 6.32919e+00 0.73
88 270.33 6.25996e+00 6.47589e+00 0.73
89 270.34 6.26811e+00 6.48600e+00 0.73
90 270.35 6.27588e+00 6.48432e+00 0.73
91 270.21 6.28371e+00 6.25961e+00 0.73
92 270.22 6.29071e+00 6.46808e+00 0.73
93 270.24 6.29642e+00 6.49543e+00 0.73
94 270.32 6.30201e+00 6.55650e+00 0.73
95 270.26 6.30796e+00 6.45278e+00 0.73
96 270.28 6.31412e+00 6.42065e+00 0.73
97 270.19 6.32010e+00 6.65357e+00 0.73
98 270.23 6.32601e+00 6.80152e+00 0.73
99 270.29 6.33129e+00 6.55990e+00 0.73
100 270.19 6.33637e+00 6.46324e+00 0.73
101 270.19 6.34154e+00 6.41112e+00 0.73
102 270.25 6.34602e+00 6.59762e+00 0.73
103 270.19 6.35040e+00 6.54966e+00 0.73
104 270.26 6.35535e+00 6.44375e+00 0.73
105 270.14 6.35971e+00 6.36784e+00 0.73
106 270.12 6.36416e+00 6.51933e+00 0.73
107 270.10 6.36826e+00 6.34456e+00 0.73
108 270.03 6.37337e+00 6.54901e+00 0.73
109 270.16 6.37797e+00 6.30385e+00 0.73
110 270.03 6.38213e+00 6.47555e+00 0.73
111 270.01 6.38675e+00 6.21791e+00 0.73
112 269.88 6.39060e+00 6.27911e+00 0.73
113 269.82 6.39513e+00 6.15239e+00 0.73
114 269.88 6.39984e+00 6.42001e+00 0.73
115 269.89 6.40522e+00 6.53176e+00 0.73
116 269.90 6.40942e+00 6.19647e+00 0.74
117 269.88 6.41381e+00 6.33407e+00 0.74
118 269.85 6.41800e+00 6.65536e+00 0.74
119 269.83 6.42291e+00 6.46935e+00 0.74
120 269.95 6.42690e+00 6.35003e+00 0.74
121 269.95 6.42985e+00 6.18866e+00 0.74
122 269.98 6.43337e+00 6.49316e+00 0.74
123 269.88 6.43637e+00 6.28918e+00 0.74
124 269.77 6.43912e+00 6.18786e+00 0.74
125 269.88 6.44244e+00 6.50660e+00 0.74
126 269.88 6.44580e+00 6.40276e+00 0.74
127 269.90 6.44910e+00 6.27488e+00 0.74
128 269.91 6.45233e+00 6.43648e+00 0.74
129 269.89 6.45526e+00 6.34931e+00 0.74
130 269.96 6.45848e+00 6.68177e+00 0.74
131 270.05 6.46119e+00 6.46908e+00 0.74
132 269.91 6.46388e+00 6.41330e+00 0.74
133 269.79 6.46620e+00 6.29930e+00 0.74
134 269.83 6.46954e+00 6.39384e+00 0.74
135 269.87 6.47231e+00 6.52153e+00 0.74
136 269.97 6.47522e+00 6.51621e+00 0.74
137 269.91 6.47850e+00 6.71360e+00 0.74
138 269.83 6.48119e+00 6.55960e+00 0.74
139 269.77 6.48292e+00 6.04639e+00 0.74
140 269.77 6.48475e+00 6.26862e+00 0.74
141 269.81 6.48711e+00 6.51859e+00 0.74
142 269.76 6.48943e+00 6.46150e+00 0.74
143 269.76 6.49254e+00 6.42181e+00 0.74
144 269.78 6.49538e+00 6.24382e+00 0.74
145 269.90 6.49782e+00 6.35931e+00 0.74
146 269.83 6.50013e+00 6.28429e+00 0.74
147 269.88 6.50239e+00 6.51673e+00 0.74
148 269.86 6.50488e+00 6.57471e+00 0.74
149 269.90 6.50703e+00 6.34355e+00 0.74
150 269.85 6.50922e+00 6.40359e+00 0.74
151 269.84 6.51187e+00 6.66351e+00 0.74
152 269.79 6.51436e+00 6.38354e+00 0.74
153 269.79 6.51663e+00 6.44995e+00 0.74
154 269.71 6.51951e+00 6.70558e+00 0.74
155 269.80 6.52184e+00 6.53078e+00 0.74
156 269.85 6.52441e+00 6.61906e+00 0.74
157 269.88 6.52673e+00 6.44242e+00 0.74
158 269.74 6.52891e+00 6.23251e+00 0.74
159 269.65 6.53174e+00 6.62075e+00 0.74
160 269.73 6.53445e+00 6.55254e+00 0.74
161 269.58 6.53686e+00 6.39624e+00 0.75
162 269.65 6.53953e+00 6.49306e+00 0.75
163 269.67 6.54150e+00 6.34681e+00 0.75
164 269.69 6.54347e+00 6.09147e+00 0.75
165 269.58 6.54565e+00 6.54529e+00 0.75
166 269.61 6.54802e+00 6.44027e+00 0.75
167 269.60 6.55093e+00 6.49957e+00 0.75
168 269.73 6.55347e+00 6.42055e+00 0.75
169 269.66 6.55533e+00 6.40392e+00 0.75
170 269.56 6.55642e+00 6.27584e+00 0.75
171 269.71 6.55899e+00 6.36745e+00 0.75
172 269.69 6.56109e+00 6.58601e+00 0.75
173 269.66 6.56366e+00 6.54432e+00 0.75
174 269.68 6.56562e+00 6.49714e+00 0.75
175 269.68 6.56722e+00 6.36798e+00 0.75
176 269.69 6.56918e+00 6.50680e+00 0.75
177 269.61 6.57103e+00 6.36964e+00 0.75
178 269.61 6.57307e+00 6.68504e+00 0.75
179 269.58 6.57521e+00 6.43829e+00 0.75
180 269.60 6.57728e+00 6.29792e+00 0.75
181 269.61 6.57855e+00 6.13717e+00 0.75
182 269.61 6.58028e+00 6.28150e+00 0.75
183 269.59 6.58271e+00 6.23196e+00 0.75
184 269.73 6.58408e+00 6.29903e+00 0.75
185 269.67 6.58546e+00 6.30239e+00 0.75
186 269.63 6.58727e+00 6.54827e+00 0.75
187 269.50 6.58929e+00 6.41347e+00 0.75
188 269.54 6.59120e+00 6.35326e+00 0.75
189 269.63 6.59347e+00 6.47011e+00 0.75
190 269.60 6.59507e+00 6.39930e+00 0.75
191 269.58 6.59699e+00 6.32121e+00 0.75
192 269.55 6.59901e+00 6.49346e+00 0.75
193 269.62 6.60170e+00 6.58024e+00 0.75
194 269.49 6.60362e+00 6.52626e+00 0.75
195 269.51 6.60600e+00 6.38537e+00 0.75
196 269.51 6.60844e+00 6.53952e+00 0.75
197 269.47 6.61048e+00 6.27178e+00 0.75
198 269.48 6.61249e+00 6.39121e+00 0.75
199 269.51 6.61464e+00 6.41771e+00 0.75
200 269.58 6.61678e+00 6.32476e+00 0.75
201 269.61 6.61870e+00 6.47980e+00 0.75
202 269.60 6.62078e+00 6.35291e+00 0.75
203 269.40 6.62315e+00 6.36131e+00 0.75
204 269.37 6.62602e+00 6.55132e+00 0.76
205 269.29 6.62882e+00 6.20990e+00 0.76
206 269.26 6.63270e+00 6.32094e+00 0.76
207 269.31 6.63713e+00 6.67811e+00 0.76
208 269.22 6.64010e+00 6.47365e+00 0.76
209 269.25 6.64310e+00 6.23322e+00 0.76
210 269.28 6.64574e+00 6.29645e+00 0.76
211 269.27 6.64827e+00 6.10889e+00 0.76
212 269.19 6.65074e+00 6.13095e+00 0.76
213 269.29 6.65388e+00 6.37458e+00 0.76
214 269.33 6.65654e+00 6.31552e+00 0.76
215 269.41 6.65879e+00 6.23948e+00 0.76
216 269.50 6.66144e+00 6.49191e+00 0.76
217 269.29 6.66415e+00 6.43318e+00 0.76
218 269.19 6.66596e+00 6.18880e+00 0.76
219 269.22 6.66871e+00 6.42264e+00 0.76
220 269.11 6.67171e+00 6.43967e+00 0.76
221 269.24 6.67446e+00 6.46723e+00 0.76
222 269.18 6.67703e+00 6.27917e+00 0.76
223 269.02 6.68009e+00 6.25555e+00 0.76
224 269.03 6.68255e+00 6.30722e+00 0.76
225 269.09 6.68598e+00 6.32261e+00 0.77
226 269.04 6.68956e+00 6.27694e+00 0.77
227 268.93 6.69314e+00 6.06630e+00 0.77
228 268.95 6.69676e+00 6.50908e+00 0.77
229 268.99 6.70011e+00 6.33783e+00 0.77
230 269.00 6.70282e+00 6.41094e+00 0.77
231 269.08 6.70632e+00 6.41998e+00 0.77
232 269.08 6.70858e+00 6.24957e+00 0.77
233 269.01 6.71064e+00 6.31191e+00 0.77
234 268.94 6.71328e+00 6.32250e+00 0.77
235 268.97 6.71634e+00 6.26132e+00 0.77
236 268.88 6.71859e+00 6.34173e+00 0.77
237 269.01 6.72167e+00 6.37408e+00 0.77
238 268.97 6.72442e+00 6.25483e+00 0.77
239 268.99 6.72723e+00 6.34646e+00 0.77
240 268.94 6.73060e+00 6.23948e+00 0.77
241 268.90 6.73293e+00 6.27713e+00 0.77
242 268.80 6.73609e+00 6.08196e+00 0.77
243 268.82 6.73939e+00 6.20606e+00 0.77
244 268.79 6.74174e+00 6.47999e+00 0.77
245 268.94 6.74455e+00 6.31964e+00 0.77
246 268.80 6.74741e+00 6.32946e+00 0.77
247 268.87 6.74984e+00 6.27842e+00 0.77
248 268.82 6.75252e+00 6.14842e+00 0.77
249 268.81 6.75593e+00 6.67432e+00 0.77
250 268.86 6.75913e+00 6.50316e+00 0.77
251 268.82 6.76216e+00 6.16148e+00 0.77
252 268.65 6.76545e+00 6.24624e+00 0.77
253 268.64 6.76911e+00 6.59021e+00 0.77
254 268.58 6.77283e+00 6.19785e+00 0.78
255 268.58 6.77546e+00 6.35530e+00 0.78
256 268.66 6.77840e+00 6.20606e+00 0.78
257 268.64 6.78152e+00 6.33948e+00 0.78
258 268.56 6.78475e+00 6.19265e+00 0.78
259 268.49 6.78847e+00 6.47441e+00 0.78
260 268.52 6.79259e+00 6.54927e+00 0.78
261 268.55 6.79651e+00 6.38459e+00 0.78
262 268.48 6.79961e+00 6.37411e+00 0.78
263 268.56 6.80318e+00 6.40093e+00 0.78
264 268.59 6.80645e+00 6.32150e+00 0.78
265 268.52 6.80962e+00 6.26539e+00 0.78
266 268.56 6.81238e+00 6.32135e+00 0.78
267 268.55 6.81509e+00 6.24340e+00 0.78
268 268.61 6.81829e+00 6.35022e+00 0.78
269 268.62 6.82037e+00 6.03136e+00 0.78
270 268.59 6.82262e+00 6.18647e+00 0.78
271 268.49 6.82489e+00 6.13576e+00 0.78
272 268.55 6.82758e+00 6.45984e+00 0.78
273 268.46 6.83035e+00 6.46123e+00 0.78
274 268.55 6.83358e+00 6.50021e+00 0.78
275 268.56 6.83629e+00 6.34668e+00 0.78
276 268.62 6.83917e+00 6.39718e+00 0.78
277 268.73 6.84157e+00 6.30603e+00 0.78
278 268.77 6.84383e+00 6.36608e+00 0.78
279 268.74 6.84601e+00 6.40243e+00 0.78
280 268.65 6.84818e+00 6.12254e+00 0.78
281 268.66 6.85025e+00 6.15607e+00 0.78
282 268.57 6.85265e+00 6.28195e+00 0.78
283 268.55 6.85499e+00 6.27498e+00 0.78
284 268.60 6.85812e+00 6.32066e+00 0.78
285 268.54 6.86046e+00 6.38911e+00 0.78
286 268.44 6.86272e+00 6.31584e+00 0.78
287 268.50 6.86496e+00 6.46784e+00 0.78
288 268.55 6.86728e+00 6.36002e+00 0.78
289 268.57 6.86988e+00 6.61004e+00 0.78
290 268.63 6.87248e+00 6.35153e+00 0.78
291 268.57 6.87458e+00 6.32356e+00 0.78
292 268.58 6.87675e+00 6.31148e+00 0.78
293 268.63 6.87879e+00 6.31044e+00 0.78
294 268.60 6.88090e+00 6.35437e+00 0.78
295 268.48 6.88297e+00 6.29175e+00 0.78
296 268.36 6.88450e+00 6.01785e+00 0.78
297 268.41 6.88633e+00 6.26704e+00 0.78
298 268.45 6.88905e+00 6.64156e+00 0.78
299 268.41 6.89109e+00 6.29626e+00 0.78
300 268.47 6.89377e+00 6.18284e+00 0.78
301 268.52 6.89641e+00 6.26693e+00 0.78
302 268.54 6.89857e+00 6.45920e+00 0.78
303 268.53 6.90052e+00 6.49383e+00 0.78
304 268.51 6.90245e+00 6.25420e+00 0.78
305 268.45 6.90445e+00 6.45691e+00 0.78
306 268.23 6.90461e+00 6.09282e+00 0.78
307 268.37 6.90622e+00 6.49186e+00 0.78
308 268.42 6.90800e+00 6.24614e+00 0.78
309 268.49 6.90980e+00 6.35946e+00 0.78
310 268.49 6.91201e+00 6.45391e+00 0.78
311 268.49 6.91393e+00 6.33027e+00 0.78
312 268.37 6.91518e+00 6.06270e+00 0.78
313 268.24 6.91763e+00 5.94476e+00 0.78
314 268.28 6.92025e+00 6.48675e+00 0.78
315 268.31 6.92222e+00 6.07091e+00 0.78
316 268.35 6.92367e+00 6.40509e+00 0.78
317 268.38 6.92602e+00 6.33879e+00 0.78
318 268.42 6.92758e+00 6.55871e+00 0.78
319 268.49 6.92937e+00 6.34236e+00 0.78
320 268.41 6.93044e+00 6.18100e+00 0.78
321 268.42 6.93165e+00 6.22907e+00 0.78
322 268.37 6.93281e+00 6.15465e+00 0.78
323 268.43 6.93449e+00 6.35632e+00 0.78
324 268.37 6.93654e+00 6.26494e+00 0.78
325 268.41 6.93830e+00 6.15961e+00 0.78
326 268.32 6.93940e+00 6.21335e+00 0.78
327 268.35 6.94112e+00 6.19864e+00 0.78
328 268.20 6.94246e+00 6.26261e+00 0.78
329 268.17 6.94449e+00 6.02037e+00 0.79
330 268.23 6.94671e+00 5.97897e+00 0.79
331 267.91 6.95036e+00 5.85306e+00 0.79
332 267.95 6.95478e+00 5.97894e+00 0.79
333 268.00 6.95865e+00 6.28352e+00 0.79
334 267.97 6.96240e+00 6.01776e+00 0.79
335 267.98 6.96546e+00 6.00758e+00 0.79
336 268.03 6.96910e+00 6.16225e+00 0.80
337 268.00 6.97192e+00 6.15829e+00 0.80
338 267.99 6.97424e+00 6.17839e+00 0.80
339 267.96 6.97707e+00 6.03638e+00 0.79
340 268.04 6.98020e+00 6.20365e+00 0.80
341 268.12 6.98297e+00 6.14534e+00 0.80
342 267.98 6.98506e+00 6.37739e+00 0.80
343 268.03 6.98811e+00 6.24348e+00 0.80
344 267.94 6.99028e+00 6.15012e+00 0.80
345 268.07 6.99291e+00 6.47676e+00 0.80
346 268.06 6.99538e+00 6.27489e+00 0.80
347 268.18 6.99833e+00 6.23948e+00 0.80
348 268.06 7.00024e+00 6.20172e+00 0.80
349 268.06 7.00299e+00 6.45751e+00 0.80
350 268.05 7.00477e+00 6.54963e+00 0.80
351 267.97 7.00655e+00 6.29493e+00 0.80
352 268.01 7.00851e+00 6.09291e+00 0.80
353 268.04 7.01049e+00 6.36961e+00 0.80
354 267.97 7.01223e+00 6.18494e+00 0.80
355 268.00 7.01411e+00 6.34694e+00 0.80
356 268.03 7.01665e+00 6.49833e+00 0.80
357 267.95 7.01944e+00 6.31245e+00 0.80
358 267.88 7.02097e+00 6.18762e+00 0.80
359 267.98 7.02404e+00 6.24216e+00 0.80
360 267.83 7.02448e+00 6.07638e+00 0.80
361 267.76 7.02644e+00 6.39751e+00 0.80
362 267.76 7.02881e+00 6.02414e+00 0.80
363 267.80 7.03095e+00 6.13228e+00 0.80
364 267.86 7.03321e+00 6.25686e+00 0.80
365 267.88 7.03665e+00 6.17346e+00 0.80
366 267.65 7.04022e+00 6.04876e+00 0.80
367 267.61 7.04431e+00 6.07696e+00 0.80
368 267.53 7.04869e+00 6.43475e+00 0.81
369 267.53 7.05381e+00 6.21158e+00 0.81
370 267.52 7.05863e+00 6.19573e+00 0.81
371 267.58 7.06229e+00 6.20634e+00 0.81
372 267.60 7.06579e+00 6.32563e+00 0.81
373 267.70 7.07010e+00 6.31519e+00 0.81
374 267.53 7.07317e+00 6.02397e+00 0.81
375 267.47 7.07700e+00 6.32873e+00 0.81
376 267.48 7.08102e+00 6.04203e+00 0.81
377 267.43 7.08498e+00 5.99750e+00 0.81
378 267.43 7.08824e+00 5.95209e+00 0.81
379 267.40 7.09187e+00 6.11194e+00 0.81
380 267.31 7.09597e+00 5.96666e+00 0.81
381 267.38 7.09995e+00 6.13396e+00 0.81
382 267.39 7.10401e+00 6.23191e+00 0.81
383 267.32 7.10736e+00 5.97004e+00 0.81
384 267.17 7.11201e+00 6.19017e+00 0.81
385 267.13 7.11697e+00 6.29294e+00 0.82
386 267.18 7.12280e+00 6.24879e+00 0.82
387 267.06 7.12887e+00 6.40858e+00 0.82
388 267.04 7.13532e+00 6.20451e+00 0.82
389 267.04 7.14109e+00 6.37972e+00 0.82
390 267.04 7.14635e+00 6.29586e+00 0.82
391 266.98 7.15186e+00 6.33367e+00 0.82
392 266.98 7.15727e+00 6.20172e+00 0.82
393 267.03 7.16303e+00 6.39382e+00 0.83
394 266.94 7.16849e+00 6.39312e+00 0.83
395 266.94 7.17373e+00 6.24449e+00 0.82
396 266.71 7.17965e+00 5.69966e+00 0.83
397 266.59 7.18573e+00 6.11362e+00 0.83
398 266.47 7.19257e+00 6.09548e+00 0.83
399 266.49 7.19922e+00 6.01381e+00 0.83
