0 269.16 1.56711e+00 4.50780e-01 -89.03
1 275.47 1.36438e+00 4.99971e-01 -53.85
2 275.92 1.04418e+00 4.33167e-01 -39.80
3 275.99 7.07493e-01 2.86492e-01 -34.94
4 276.09 4.69311e-01 1.66029e-01 -33.10
5 275.99 3.60205e-01 1.30507e-01 -31.65
6 275.66 3.10643e-01 1.19778e-01 -30.97
7 274.98 2.97484e-01 1.26824e-01 -30.19
8 274.08 3.21109e-01 1.65758e-01 -29.28
9 273.09 3.83059e-01 2.26746e-01 -28.37
10 271.65 5.64091e-01 4.19406e-01 -27.96
11 270.43 8.48831e-01 6.17226e-01 -26.52
12 269.38 1.16159e+00 7.28346e-01 -22.99
13 268.92 1.48539e+00 7.88289e-01 -20.16
14 269.14 1.73096e+00 7.92270e-01 -18.06
15 269.18 1.94015e+00 7.86058e-01 -16.59
16 269.30 2.12431e+00 7.79243e-01 -17.35
17 269.51 2.28998e+00 7.76971e-01 -16.85
18 269.57 2.43908e+00 7.74529e-01 -16.03
19 269.81 2.56833e+00 7.70203e-01 -16.56
20 269.82 2.68711e+00 7.63726e-01 -16.24
21 270.02 2.79244e+00 7.59304e-01 -15.62
22 270.08 2.89125e+00 7.55480e-01 -15.95
23 270.06 2.99362e+00 7.55547e-01 -16.59
24 270.09 3.09147e+00 7.51790e-01 -16.15
25 270.20 3.18615e+00 7.48549e-01 -16.18
26 270.16 3.27951e+00 7.47450e-01 -16.05
27 270.27 3.36964e+00 7.47409e-01 -16.07
28 270.42 3.45171e+00 7.45477e-01 -16.27
29 270.42 3.53101e+00 7.43686e-01 -16.56
30 270.47 3.60887e+00 7.42567e-01 -16.05
31 270.43 3.68403e+00 7.41163e-01 -16.50
32 270.51 3.75828e+00 7.39956e-01 -16.20
33 270.57 3.83083e+00 7.38695e-01 -15.95
34 270.52 3.90299e+00 7.38227e-01 -16.05
35 270.37 3.97555e+00 7.36593e-01 -16.39
36 270.62 4.04766e+00 7.35887e-01 -15.74
37 270.64 4.11440e+00 7.34111e-01 -16.10
38 270.69 4.17967e+00 7.32110e-01 -16.11
39 270.73 4.24543e+00 7.31710e-01 -15.67
40 270.75 4.30910e+00 7.31493e-01 -15.92
41 270.82 4.37135e+00 7.30197e-01 -16.29
42 270.82 4.43064e+00 7.28217e-01 -15.98
43 270.89 4.49015e+00 7.27926e-01 -16.23
44 270.86 4.54848e+00 7.27722e-01 -15.76
45 270.89 4.60752e+00 7.26067e-01 -16.11
46 270.96 4.66421e+00 7.25213e-01 -16.26
47 270.72 4.72224e+00 7.25057e-01 -15.73
48 270.89 4.78078e+00 7.23911e-01 -15.82
49 270.89 4.83749e+00 7.23111e-01 -16.21
50 270.94 4.89183e+00 7.22453e-01 -16.51
51 270.90 4.94490e+00 7.22100e-01 -16.24
52 270.89 4.99764e+00 7.22283e-01 -16.02
53 270.89 5.04904e+00 7.22453e-01 -16.00
54 270.86 5.10132e+00 7.21483e-01 -16.16
55 270.83 5.15427e+00 7.21904e-01 -15.74
56 270.85 5.20564e+00 7.20954e-01 -15.51
57 270.87 5.25680e+00 7.20703e-01 -15.85
58 271.01 5.30352e+00 7.21191e-01 -16.01
59 271.02 5.34571e+00 7.20852e-01 -15.75
60 270.97 5.38261e+00 7.20100e-01 -16.26
61 270.98 5.41366e+00 7.18621e-01 -16.12
62 270.95 5.45172e+00 7.18323e-01 -15.75
63 270.74 5.49096e+00 7.19638e-01 -16.03
64 270.90 5.53201e+00 7.21313e-01 -15.71
65 270.89 5.57053e+00 7.21185e-01 -15.67
66 270.90 5.60603e+00 7.18736e-01 -15.50
67 271.02 5.63952e+00 7.18357e-01 -16.34
68 271.06 5.66890e+00 7.16844e-01 -15.90
69 270.85 5.70131e+00 7.16498e-01 -15.84
70 270.86 5.73399e+00 7.16994e-01 -16.04
71 270.94 5.76405e+00 7.17285e-01 -15.82
72 270.93 5.79259e+00 7.17231e-01 -15.52
73 270.97 5.82002e+00 7.16390e-01 -16.02
74 271.00 5.84560e+00 7.17733e-01 -15.82
75 270.86 5.86865e+00 7.16756e-01 -15.57
76 270.91 5.89113e+00 7.16675e-01 -15.64
77 270.95 5.91309e+00 7.16268e-01 -16.36
78 270.78 5.93304e+00 7.16729e-01 -16.00
79 270.73 5.95291e+00 7.16295e-01 -15.88
80 270.78 5.97306e+00 7.16593e-01 -16.04
81 270.73 5.99168e+00 7.16465e-01 -16.38
82 270.67 6.01010e+00 7.17061e-01 -15.90
83 270.89 6.02613e+00 7.16960e-01 -15.71
84 270.76 6.04103e+00 7.17896e-01 -16.33
85 270.81 6.05440e+00 7.22032e-01 -16.34
86 270.73 6.06578e+00 7.19143e-01 -15.63
87 270.73 6.07469e+00 7.20371e-01 -17.10
88 270.56 6.07974e+00 7.17936e-01 -16.64
89 270.46 6.09185e+00 7.22331e-01 -15.30
90 270.38 6.10426e+00 7.30693e-01 -16.30
91 270.41 6.10169e+00 7.27614e-01 -16.72
92 270.38 6.11099e+00 7.25410e-01 -15.67
93 270.22 6.12413e+00 7.24725e-01 -15.51
94 270.32 6.13660e+00 7.26732e-01 -16.10
95 270.43 6.14399e+00 7.24596e-01 -16.13
96 270.22 6.15639e+00 7.26501e-01 -15.48
97 270.44 6.15763e+00 7.26101e-01 -16.46
98 270.34 6.16393e+00 7.35291e-01 -16.09
99 270.26 6.16377e+00 7.35406e-01 -15.55
100 270.21 6.16948e+00 7.35630e-01 -16.73
101 270.28 6.16884e+00 7.34233e-01 -17.04
102 269.91 6.17954e+00 7.40512e-01 -15.77
103 269.96 6.18970e+00 7.39149e-01 -15.83
104 270.03 6.19748e+00 7.38261e-01 -16.58
105 269.91 6.20800e+00 7.43273e-01 -15.89
106 269.85 6.21431e+00 7.42371e-01 -16.19
107 269.86 6.22266e+00 7.42371e-01 -16.37
108 269.89 6.22817e+00 7.45239e-01 -16.33
109 269.75 6.23339e+00 7.44873e-01 -16.14
110 269.74 6.24385e+00 7.48006e-01 -17.07
111 269.64 6.25478e+00 7.53805e-01 -15.93
112 269.52 6.25678e+00 7.51180e-01 -15.99
113 269.54 6.26929e+00 7.56517e-01 -16.68
114 269.74 6.26021e+00 7.55900e-01 -16.97
115 269.26 6.25183e+00 7.52448e-01 -15.65
116 269.33 6.27329e+00 7.63333e-01 -17.23
117 269.39 6.26492e+00 7.61183e-01 -16.95
118 268.90 6.27723e+00 7.68236e-01 -15.71
119 269.08 6.28733e+00 7.70467e-01 -16.41
120 269.23 6.29319e+00 7.69409e-01 -17.12
121 268.93 6.30660e+00 7.72529e-01 -15.55
122 268.93 6.32476e+00 7.73458e-01 -16.05
123 269.05 6.33779e+00 7.76693e-01 -17.30
124 268.89 6.35015e+00 7.79358e-01 -16.07
125 268.75 6.35806e+00 7.77412e-01 -16.76
126 268.80 6.37140e+00 7.80524e-01 -17.39
127 268.69 6.38579e+00 7.85346e-01 -16.57
128 268.62 6.39551e+00 7.82206e-01 -16.01
129 268.64 6.40912e+00 7.82844e-01 -17.76
130 268.57 6.42406e+00 7.81942e-01 -16.40
131 268.49 6.43915e+00 7.84844e-01 -16.12
132 268.55 6.45158e+00 7.86241e-01 -16.84
133 268.52 6.46506e+00 7.85143e-01 -16.64
134 268.45 6.47761e+00 7.85834e-01 -15.89
135 268.48 6.49170e+00 7.88791e-01 -16.59
136 268.42 6.50464e+00 7.87957e-01 -16.53
137 268.51 6.51335e+00 7.88669e-01 -16.07
138 268.46 6.52129e+00 7.90880e-01 -16.58
139 268.26 6.53437e+00 7.92386e-01 -16.86
140 268.34 6.54569e+00 7.93389e-01 -15.75
141 268.26 6.55794e+00 7.95505e-01 -16.22
142 268.21 6.57169e+00 7.96475e-01 -17.28
143 268.19 6.58304e+00 7.95905e-01 -16.78
144 268.21 6.59443e+00 8.00510e-01 -16.61
145 268.13 6.60598e+00 8.03609e-01 -17.60
146 267.89 6.61613e+00 8.04464e-01 -17.24
147 267.68 6.62852e+00 8.07549e-01 -16.26
148 267.67 6.64823e+00 8.18671e-01 -17.27
149 267.63 6.65544e+00 8.13836e-01 -16.66
150 267.66 6.66817e+00 8.12459e-01 -16.31
151 267.62 6.68662e+00 8.21079e-01 -17.96
152 267.58 6.69002e+00 8.16515e-01 -16.67
153 267.39 6.70419e+00 8.18637e-01 -16.49
154 267.15 6.73288e+00 8.34371e-01 -18.26
155 267.08 6.74791e+00 8.30010e-01 -17.45
156 266.97 6.76390e+00 8.28925e-01 -16.50
157 266.95 6.79042e+00 8.36433e-01 -17.54
158 266.90 6.80416e+00 8.33103e-01 -17.38
159 266.84 6.81806e+00 8.31543e-01 -15.80
160 266.89 6.84041e+00 8.42387e-01 -17.56
161 266.50 6.85248e+00 8.40868e-01 -17.78
162 266.56 6.86405e+00 8.38650e-01 -16.50
163 266.51 6.89141e+00 8.52010e-01 -17.95
164 266.29 6.91295e+00 8.53136e-01 -17.58
165 266.21 6.92665e+00 8.49250e-01 -16.55
166 266.15 6.95334e+00 8.59843e-01 -17.31
167 266.01 6.97365e+00 8.58466e-01 -17.38
168 265.87 6.98386e+00 8.57652e-01 -16.94
169 265.75 7.00765e+00 8.66808e-01 -17.44
170 265.42 7.03415e+00 8.67411e-01 -18.16
171 265.34 7.05433e+00 8.67974e-01 -17.53
172 265.06 7.08445e+00 8.78499e-01 -17.41
173 264.78 7.11420e+00 8.82270e-01 -18.43
174 264.72 7.13977e+00 8.85912e-01 -17.90
175 264.55 7.17164e+00 8.93650e-01 -17.22
176 264.38 7.20261e+00 8.94694e-01 -18.36
177 264.27 7.23058e+00 8.96206e-01 -17.76
178 264.14 7.25995e+00 9.02317e-01 -16.79
179 264.08 7.28818e+00 9.03280e-01 -18.44
180 263.89 7.31638e+00 9.03320e-01 -17.75
181 263.81 7.34569e+00 9.09648e-01 -17.07
182 263.73 7.37107e+00 9.08963e-01 -17.80
183 263.38 7.39631e+00 9.07104e-01 -17.81
184 263.06 7.42859e+00 9.16206e-01 -17.04
185 263.14 7.45392e+00 9.16165e-01 -17.54
186 263.11 7.48113e+00 9.18525e-01 -18.04
187 262.75 7.51241e+00 9.25849e-01 -16.80
188 262.32 7.53824e+00 9.23889e-01 -17.56
189 262.25 7.56579e+00 9.26683e-01 -17.93
190 261.84 7.60038e+00 9.33838e-01 -17.44
191 261.93 7.62820e+00 9.34970e-01 -17.08
192 262.17 7.65322e+00 9.35391e-01 -17.92
193 261.96 7.68297e+00 9.42763e-01 -17.32
194 261.66 7.71488e+00 9.42017e-01 -17.03
195 261.75 7.73017e+00 9.38232e-01 -17.37
196 261.84 7.75187e+00 9.41176e-01 -17.32
197 261.25 7.78043e+00 9.41983e-01 -16.82
198 261.31 7.80456e+00 9.41542e-01 -17.35
199 261.44 7.82995e+00 9.45428e-01 -17.31
200 260.74 7.85849e+00 9.47171e-01 -16.59
201 260.82 7.87670e+00 9.49538e-01 -17.30
202 260.89 7.90366e+00 9.56638e-01 -17.77
203 260.32 7.93262e+00 9.55987e-01 -16.77
204 260.60 7.95419e+00 9.54542e-01 -17.11
205 260.72 7.97535e+00 9.55275e-01 -17.55
206 260.19 8.00294e+00 9.59256e-01 -16.68
207 259.99 8.02553e+00 9.58666e-01 -16.70
208 260.20 8.04730e+00 9.60307e-01 -17.44
209 260.21 8.07360e+00 9.65400e-01 -16.94
210 259.68 8.09651e+00 9.65251e-01 -16.46
211 259.93 8.12216e+00 9.67814e-01 -17.62
212 259.61 8.15059e+00 9.70235e-01 -17.41
213 259.21 8.17795e+00 9.69801e-01 -16.66
214 258.95 8.20665e+00 9.74840e-01 -17.58
215 258.94 8.23667e+00 9.76895e-01 -17.51
216 258.78 8.26112e+00 9.77105e-01 -16.78
217 258.83 8.28728e+00 9.79472e-01 -17.36
218 258.58 8.31116e+00 9.78299e-01 -17.20
219 258.57 8.33438e+00 9.78421e-01 -16.81
220 258.70 8.35924e+00 9.81032e-01 -17.17
221 258.26 8.38150e+00 9.80387e-01 -17.58
222 258.17 8.40272e+00 9.82008e-01 -16.69
223 257.97 8.42887e+00 9.88397e-01 -17.17
224 257.63 8.45183e+00 9.86762e-01 -17.49
225 257.43 8.47376e+00 9.86321e-01 -16.86
226 257.45 8.49814e+00 9.88756e-01 -17.14
227 257.17 8.52216e+00 9.89360e-01 -17.55
228 257.01 8.54364e+00 9.89170e-01 -17.03
229 256.78 8.56774e+00 9.91889e-01 -16.77
230 256.57 8.59264e+00 9.94737e-01 -17.81
231 256.46 8.61471e+00 9.95965e-01 -17.49
232 256.24 8.64027e+00 9.96521e-01 -17.10
233 255.74 8.66868e+00 9.98630e-01 -17.40
234 255.53 8.69754e+00 9.99729e-01 -17.59
235 255.11 8.72690e+00 1.00000e+00 -16.92
236 254.94 8.75659e+00 1.00000e+00 -17.39
237 254.87 8.78596e+00 1.00000e+00 -17.44
238 254.69 8.81554e+00 1.00000e+00 -16.85
239 254.26 8.84494e+00 1.00000e+00 -17.01
240 254.18 8.87331e+00 1.00000e+00 -17.37
241 254.13 8.90119e+00 1.00000e+00 -16.72
242 253.81 8.92813e+00 1.00000e+00 -16.67
243 253.67 8.95355e+00 1.00000e+00 -17.03
244 253.60 8.97811e+00 1.00000e+00 -16.71
245 253.52 8.99779e+00 1.00000e+00 -16.25
246 253.33 9.00000e+00 1.00000e+00 -16.81
247 253.27 9.00000e+00 1.00000e+00 -16.69
248 253.13 9.00000e+00 1.00000e+00 -15.87
249 252.84 9.00000e+00 1.00000e+00 -15.99
250 252.88 9.00000e+00 1.00000e+00 -16.31
251 252.66 9.00000e+00 1.00000e+00 -15.91
252 252.41 9.00000e+00 1.00000e+00 -15.92
253 252.27 9.00000e+00 1.00000e+00 -16.36
254 252.30 9.00000e+00 1.00000e+00 -16.23
255 252.27 9.00000e+00 1.00000e+00 -16.03
256 252.41 9.00000e+00 1.00000e+00 -16.38
257 252.38 9.00000e+00 1.00000e+00 -16.12
258 252.22 9.00000e+00 1.00000e+00 -15.56
259 252.32 9.00000e+00 1.00000e+00 -16.13
260 252.34 9.00000e+00 1.00000e+00 -16.06
261 252.30 9.00000e+00 1.00000e+00 -15.79
262 251.97 9.00000e+00 1.00000e+00 -15.63
263 252.04 9.00000e+00 1.00000e+00 -15.84
264 251.93 9.00000e+00 1.00000e+00 -16.00
265 251.90 9.00000e+00 1.00000e+00 -15.83
266 252.08 9.00000e+00 1.00000e+00 -16.17
267 251.85 9.00000e+00 1.00000e+00 -15.59
268 251.53 9.00000e+00 1.00000e+00 -15.27
269 251.76 9.00000e+00 1.00000e+00 -15.71
270 251.89 9.00000e+00 1.00000e+00 -15.63
271 251.80 9.00000e+00 1.00000e+00 -15.52
272 251.90 9.00000e+00 1.00000e+00 -15.88
273 252.08 9.00000e+00 1.00000e+00 -15.77
274 251.73 9.00000e+00 1.00000e+00 -15.21
275 251.76 9.00000e+00 1.00000e+00 -15.39
276 251.70 9.00000e+00 1.00000e+00 -15.91
277 251.58 9.00000e+00 1.00000e+00 -15.43
278 251.53 9.00000e+00 1.00000e+00 -15.55
279 251.72 9.00000e+00 1.00000e+00 -15.79
280 251.63 9.00000e+00 1.00000e+00 -15.57
281 251.39 9.00000e+00 1.00000e+00 -15.35
282 251.58 9.00000e+00 1.00000e+00 -15.57
283 251.63 9.00000e+00 1.00000e+00 -15.95
284 251.56 9.00000e+00 1.00000e+00 -15.23
285 251.37 9.00000e+00 1.00000e+00 -15.56
286 251.44 9.00000e+00 1.00000e+00 -15.69
287 251.40 9.00000e+00 1.00000e+00 -15.16
288 251.30 9.00000e+00 1.00000e+00 -15.48
289 251.52 9.00000e+00 1.00000e+00 -15.73
290 251.33 9.00000e+00 1.00000e+00 -15.28
291 251.41 9.00000e+00 1.00000e+00 -15.58
292 251.37 9.00000e+00 1.00000e+00 -15.88
293 251.30 9.00000e+00 1.00000e+00 -15.14
294 251.29 9.00000e+00 1.00000e+00 -15.07
295 251.34 9.00000e+00 1.00000e+00 -15.84
296 251.38 9.00000e+00 1.00000e+00 -15.43
297 251.29 9.00000e+00 1.00000e+00 -14.94
298 251.15 9.00000e+00 1.00000e+00 -15.67
299 251.03 9.00000e+00 1.00000e+00 -15.24
300 250.91 9.00000e+00 1.00000e+00 -14.97
301 251.01 9.00000e+00 1.00000e+00 -15.74
302 251.04 9.00000e+00 1.00000e+00 -15.48
303 251.08 9.00000e+00 1.00000e+00 -14.93
304 251.15 9.00000e+00 1.00000e+00 -15.71
305 251.55 9.00000e+00 1.00000e+00 -15.96
306 251.30 9.00000e+00 1.00000e+00 -15.14
307 251.27 9.00000e+00 1.00000e+00 -15.45
308 251.37 9.00000e+00 1.00000e+00 -15.92
309 251.32 9.00000e+00 1.00000e+00 -15.03
310 251.21 9.00000e+00 1.00000e+00 -15.62
311 251.57 9.00000e+00 1.00000e+00 -16.04
312 251.16 9.00000e+00 1.00000e+00 -15.32
313 251.18 9.00000e+00 1.00000e+00 -15.47
314 251.27 9.00000e+00 1.00000e+00 -15.92
315 251.32 9.00000e+00 1.00000e+00 -15.47
316 251.17 9.00000e+00 1.00000e+00 -15.47
317 251.45 9.00000e+00 1.00000e+00 -16.19
318 251.34 9.00000e+00 1.00000e+00 -15.41
319 251.27 9.00000e+00 1.00000e+00 -14.98
320 251.43 9.00000e+00 1.00000e+00 -16.20
321 251.43 9.00000e+00 1.00000e+00 -15.23
322 251.26 9.00000e+00 1.00000e+00 -14.92
323 251.20 9.00000e+00 1.00000e+00 -15.93
324 251.48 9.00000e+00 1.00000e+00 -15.46
325 251.35 9.00000e+00 1.00000e+00 -14.85
326 251.55 9.00000e+00 1.00000e+00 -15.79
327 251.67 9.00000e+00 1.00000e+00 -15.54
328 251.35 9.00000e+00 1.00000e+00 -14.86
329 251.24 9.00000e+00 1.00000e+00 -15.75
330 251.36 9.00000e+00 1.00000e+00 -15.51
331 251.16 9.00000e+00 1.00000e+00 -14.85
332 251.18 9.00000e+00 1.00000e+00 -15.68
333 251.33 9.00000e+00 1.00000e+00 -15.64
334 251.33 9.00000e+00 1.00000e+00 -15.19
335 251.39 9.00000e+00 1.00000e+00 -15.87
336 251.42 9.00000e+00 1.00000e+00 -15.73
337 251.28 9.00000e+00 1.00000e+00 -14.92
338 251.48 9.00000e+00 1.00000e+00 -15.36
339 251.49 9.00000e+00 1.00000e+00 -15.83
340 251.37 9.00000e+00 1.00000e+00 -14.92
341 251.38 9.00000e+00 1.00000e+00 -15.18
342 251.44 9.00000e+00 1.00000e+00 -15.81
343 251.38 9.00000e+00 1.00000e+00 -15.25
344 251.46 9.00000e+00 1.00000e+00 -15.38
345 251.53 9.00000e+00 1.00000e+00 -15.89
346 251.26 9.00000e+00 1.00000e+00 -15.49
347 251.37 9.00000e+00 1.00000e+00 -15.14
348 251.51 9.00000e+00 1.00000e+00 -15.55
349 251.36 9.00000e+00 1.00000e+00 -15.21
350 251.35 9.00000e+00 1.00000e+00 -15.01
351 251.24 9.00000e+00 1.00000e+00 -15.42
352 251.41 9.00000e+00 1.00000e+00 -15.59
353 251.19 9.00000e+00 1.00000e+00 -15.23
354 251.19 9.00000e+00 1.00000e+00 -15.23
355 251.44 9.00000e+00 1.00000e+00 -15.78
356 251.38 9.00000e+00 1.00000e+00 -15.32
357 251.49 9.00000e+00 1.00000e+00 -15.29
358 251.43 9.00000e+00 1.00000e+00 -15.82
359 251.45 9.00000e+00 1.00000e+00 -15.22
360 251.27 9.00000e+00 1.00000e+00 -15.22
361 251.17 9.00000e+00 1.00000e+00 -15.99
362 251.06 9.00000e+00 1.00000e+00 -15.17
363 250.94 9.00000e+00 1.00000e+00 -14.77
364 251.22 9.00000e+00 1.00000e+00 -15.88
365 251.38 9.00000e+00 1.00000e+00 -15.49
366 251.37 9.00000e+00 1.00000e+00 -15.17
367 251.22 9.00000e+00 1.00000e+00 -15.52
368 251.37 9.00000e+00 1.00000e+00 -15.72
369 251.44 9.00000e+00 1.00000e+00 -15.09
370 251.46 9.00000e+00 1.00000e+00 -15.51
371 251.61 9.00000e+00 1.00000e+00 -15.64
372 251.59 9.00000e+00 1.00000e+00 -14.98
373 251.36 9.00000e+00 1.00000e+00 -15.38
374 251.59 9.00000e+00 1.00000e+00 -15.83
375 251.24 9.00000e+00 1.00000e+00 -14.81
376 251.17 9.00000e+00 1.00000e+00 -15.34
377 251.44 9.00000e+00 1.00000e+00 -16.12
378 251.46 9.00000e+00 1.00000e+00 -15.27
379 251.29 9.00000e+00 1.00000e+00 -15.09
380 251.59 9.00000e+00 1.00000e+00 -16.07
381 251.43 9.00000e+00 1.00000e+00 -14.97
382 251.36 9.00000e+00 1.00000e+00 -15.17
383 251.35 9.00000e+00 1.00000e+00 -16.14
384 251.54 9.00000e+00 1.00000e+00 -15.24
385 251.49 9.00000e+00 1.00000e+00 -15.26
386 251.38 9.00000e+00 1.00000e+00 -15.74
387 251.23 9.00000e+00 1.00000e+00 -15.31
388 251.15 9.00000e+00 1.00000e+00 -14.95
389 251.09 9.00000e+00 1.00000e+00 -15.96
390 251.20 9.00000e+00 1.00000e+00 -15.38
391 251.14 9.00000e+00 1.00000e+00 -15.34
