0 269.16 1.56711e+00 4.50780e-01 -89.03
1 275.47 1.35972e+00 4.98589e-01 -53.77
2 275.90 1.02015e+00 4.19339e-01 -40.14
3 275.97 6.78101e-01 2.74217e-01 -35.20
4 276.01 4.46028e-01 1.64673e-01 -33.64
5 276.00 3.45897e-01 1.29015e-01 -32.03
6 275.58 3.06002e-01 1.19378e-01 -31.57
7 274.93 2.95454e-01 1.32541e-01 -30.04
8 273.88 3.22514e-01 1.69569e-01 -29.52
9 272.71 4.16722e-01 2.53886e-01 -28.02
10 271.40 6.28675e-01 4.70317e-01 -26.89
11 270.36 9.02306e-01 6.26645e-01 -26.00
12 269.43 1.20438e+00 7.20439e-01 -23.56
13 269.01 1.50398e+00 7.70637e-01 -19.50
14 269.14 1.75146e+00 7.84451e-01 -17.72
15 269.24 1.95544e+00 7.82315e-01 -17.43
16 269.33 2.13684e+00 7.78483e-01 -16.04
17 269.65 2.29051e+00 7.75235e-01 -16.39
18 269.69 2.42832e+00 7.70101e-01 -16.50
19 269.79 2.55680e+00 7.63747e-01 -16.11
20 269.92 2.67710e+00 7.61529e-01 -16.58
21 269.89 2.79207e+00 7.58775e-01 -16.05
22 270.01 2.89851e+00 7.56612e-01 -16.15
23 270.07 2.99661e+00 7.52787e-01 -16.30
24 270.04 3.09113e+00 7.50658e-01 -15.85
25 270.18 3.18056e+00 7.44765e-01 -16.60
26 270.24 3.27014e+00 7.44432e-01 -16.01
27 270.24 3.36118e+00 7.42872e-01 -15.52
28 270.38 3.43801e+00 7.41679e-01 -16.67
29 270.47 3.50996e+00 7.39665e-01 -17.39
30 270.31 3.58960e+00 7.40594e-01 -15.43
31 270.37 3.67059e+00 7.39509e-01 -16.14
32 270.56 3.74239e+00 7.37922e-01 -16.35
33 270.27 3.81934e+00 7.41299e-01 -15.81
34 270.45 3.89439e+00 7.38987e-01 -16.74
35 270.47 3.96190e+00 7.36918e-01 -16.41
36 270.25 4.03671e+00 7.41564e-01 -16.35
37 270.55 4.10362e+00 7.36199e-01 -16.19
38 270.45 4.17127e+00 7.33839e-01 -15.27
39 270.49 4.24276e+00 7.34734e-01 -16.52
40 270.66 4.30169e+00 7.32897e-01 -16.47
41 270.62 4.35981e+00 7.32442e-01 -15.74
42 270.55 4.42507e+00 7.31344e-01 -16.65
43 270.59 4.48537e+00 7.30570e-01 -16.15
44 270.58 4.53955e+00 7.29146e-01 -16.17
45 270.44 4.60467e+00 7.31201e-01 -16.04
46 270.55 4.66070e+00 7.30435e-01 -15.89
47 270.60 4.70591e+00 7.27932e-01 -16.87
48 270.39 4.76834e+00 7.33392e-01 -16.39
49 270.36 4.83207e+00 7.31283e-01 -15.73
50 270.52 4.88731e+00 7.28814e-01 -16.67
51 270.33 4.94620e+00 7.35209e-01 -16.17
52 270.30 5.00515e+00 7.33175e-01 -16.22
53 270.36 5.06496e+00 7.32598e-01 -16.38
54 270.36 5.12565e+00 7.32103e-01 -16.00
55 270.52 5.17767e+00 7.30665e-01 -16.39
56 270.32 5.23390e+00 7.31778e-01 -16.29
57 270.35 5.28863e+00 7.31160e-01 -15.89
58 270.44 5.33402e+00 7.30455e-01 -16.40
59 270.48 5.38224e+00 7.35223e-01 -16.48
60 270.36 5.42878e+00 7.32680e-01 -15.40
61 270.34 5.47926e+00 7.32042e-01 -16.86
62 270.45 5.52572e+00 7.33521e-01 -15.90
63 270.58 5.55871e+00 7.31364e-01 -15.95
64 270.43 5.59582e+00 7.32083e-01 -16.15
65 270.36 5.63431e+00 7.29730e-01 -15.70
66 270.58 5.66413e+00 7.27987e-01 -16.68
67 270.39 5.69707e+00 7.30530e-01 -16.62
68 270.33 5.73698e+00 7.31934e-01 -15.48
69 270.34 5.77186e+00 7.32008e-01 -16.60
70 270.26 5.80930e+00 7.35392e-01 -16.58
71 270.23 5.83895e+00 7.33086e-01 -16.20
72 270.25 5.87033e+00 7.33263e-01 -17.47
73 270.05 5.90380e+00 7.39882e-01 -16.01
74 270.00 5.92988e+00 7.38241e-01 -16.00
75 269.77 5.96118e+00 7.40946e-01 -17.24
76 269.93 5.98781e+00 7.42561e-01 -15.85
77 269.83 6.00359e+00 7.41842e-01 -16.66
78 269.84 6.02398e+00 7.46019e-01 -17.35
79 269.60 6.05174e+00 7.47871e-01 -15.40
80 269.76 6.06993e+00 7.45924e-01 -16.97
81 269.64 6.09584e+00 7.49342e-01 -16.86
82 269.54 6.11697e+00 7.51404e-01 -15.57
83 269.49 6.13999e+00 7.54734e-01 -16.45
84 269.67 6.15780e+00 7.53316e-01 -16.10
85 269.82 6.15046e+00 7.50068e-01 -17.09
86 269.43 6.16985e+00 7.60159e-01 -16.39
87 269.38 6.18451e+00 7.57623e-01 -16.40
88 269.36 6.19244e+00 7.61407e-01 -17.39
89 269.09 6.19330e+00 7.59060e-01 -16.86
90 269.06 6.21646e+00 7.67273e-01 -15.86
91 268.92 6.24212e+00 7.76808e-01 -17.30
92 268.94 6.24350e+00 7.70040e-01 -16.44
93 269.15 6.25365e+00 7.77581e-01 -17.29
94 268.77 6.28016e+00 7.85943e-01 -17.14
95 268.83 6.29036e+00 7.78191e-01 -15.71
96 268.88 6.30706e+00 7.81765e-01 -17.47
97 268.58 6.33403e+00 7.90833e-01 -16.18
98 268.51 6.33971e+00 7.84817e-01 -15.99
99 268.61 6.35810e+00 7.87075e-01 -17.19
100 268.72 6.36907e+00 7.87618e-01 -16.53
101 268.46 6.36785e+00 7.84858e-01 -16.03
102 268.53 6.38365e+00 7.88147e-01 -17.49
103 268.33 6.40053e+00 7.91334e-01 -15.91
104 268.33 6.41420e+00 7.89327e-01 -16.80
105 268.31 6.43491e+00 7.90290e-01 -17.43
106 268.35 6.45102e+00 7.98414e-01 -17.15
107 268.09 6.47016e+00 8.03853e-01 -16.94
108 268.04 6.48463e+00 7.97201e-01 -15.84
109 268.15 6.49748e+00 8.03765e-01 -17.21
110 267.83 6.51455e+00 8.06790e-01 -17.37
111 267.81 6.52836e+00 8.00937e-01 -16.28
112 267.71 6.54992e+00 8.14073e-01 -17.48
113 267.60 6.55368e+00 8.09848e-01 -16.60
114 267.58 6.56986e+00 8.09625e-01 -17.04
115 267.50 6.59477e+00 8.20740e-01 -18.19
116 267.33 6.60948e+00 8.17376e-01 -16.46
117 267.22 6.63147e+00 8.19105e-01 -16.74
118 267.30 6.65773e+00 8.25853e-01 -17.95
119 267.13 6.67556e+00 8.24097e-01 -16.29
120 267.20 6.69471e+00 8.24436e-01 -16.74
121 267.30 6.70975e+00 8.33062e-01 -17.83
122 266.77 6.72713e+00 8.33774e-01 -16.42
123 266.84 6.74602e+00 8.32906e-01 -17.33
124 266.88 6.76818e+00 8.37165e-01 -17.62
125 266.66 6.78470e+00 8.37891e-01 -16.89
126 266.47 6.80566e+00 8.38494e-01 -17.39
127 266.47 6.83284e+00 8.48077e-01 -16.99
128 266.19 6.85207e+00 8.48958e-01 -17.87
129 266.06 6.87591e+00 8.50694e-01 -17.38
130 266.02 6.90673e+00 8.61640e-01 -17.16
131 265.85 6.93938e+00 8.68679e-01 -18.48
132 265.85 6.95354e+00 8.61911e-01 -16.85
133 265.81 6.97994e+00 8.71433e-01 -17.60
134 265.46 7.01793e+00 8.77706e-01 -17.95
135 265.31 7.04082e+00 8.71921e-01 -17.02
136 265.20 7.05522e+00 8.75251e-01 -17.99
137 265.20 7.07920e+00 8.81836e-01 -17.66
138 264.86 7.10164e+00 8.80968e-01 -16.90
139 264.87 7.12893e+00 8.84630e-01 -18.39
140 264.57 7.16084e+00 8.93982e-01 -17.56
141 264.45 7.20137e+00 9.00506e-01 -17.90
142 264.39 7.21631e+00 8.94782e-01 -17.84
143 264.14 7.24161e+00 9.00770e-01 -16.41
144 264.22 7.27517e+00 9.03897e-01 -18.20
145 263.91 7.29192e+00 8.99590e-01 -17.21
146 263.90 7.32082e+00 9.07762e-01 -17.47
147 263.62 7.35841e+00 9.10366e-01 -17.89
148 263.45 7.38196e+00 9.06752e-01 -16.70
149 263.40 7.41256e+00 9.11858e-01 -17.64
150 263.15 7.44927e+00 9.15046e-01 -17.78
151 262.64 7.47306e+00 9.15487e-01 -17.05
152 262.96 7.49966e+00 9.18355e-01 -18.27
153 262.60 7.53152e+00 9.25117e-01 -17.06
154 262.48 7.55677e+00 9.26927e-01 -17.21
155 262.51 7.58277e+00 9.29369e-01 -17.85
156 262.12 7.61288e+00 9.33648e-01 -16.72
157 262.38 7.63810e+00 9.31980e-01 -17.67
158 261.93 7.66470e+00 9.32461e-01 -17.04
159 261.43 7.69772e+00 9.40470e-01 -17.00
160 261.44 7.72981e+00 9.43020e-01 -18.00
161 261.17 7.75153e+00 9.38802e-01 -16.92
162 261.50 7.78276e+00 9.46974e-01 -17.16
163 261.04 7.81236e+00 9.48473e-01 -17.80
164 261.13 7.83423e+00 9.46099e-01 -16.57
165 261.08 7.86105e+00 9.48520e-01 -17.47
166 260.64 7.89113e+00 9.52053e-01 -17.50
167 260.25 7.91368e+00 9.50433e-01 -16.57
168 260.92 7.93830e+00 9.52501e-01 -17.48
169 260.79 7.96598e+00 9.55770e-01 -17.13
170 260.59 7.98640e+00 9.57133e-01 -16.70
171 260.50 8.00716e+00 9.59812e-01 -17.53
172 259.98 8.03291e+00 9.63691e-01 -16.60
173 259.76 8.05349e+00 9.63196e-01 -16.93
174 259.93 8.07510e+00 9.63704e-01 -17.40
175 259.65 8.10285e+00 9.68974e-01 -16.68
176 259.62 8.12836e+00 9.69598e-01 -17.46
177 259.37 8.15069e+00 9.69109e-01 -16.99
178 259.19 8.18059e+00 9.77932e-01 -17.22
179 258.74 8.20823e+00 9.77173e-01 -17.55
180 258.51 8.23433e+00 9.78495e-01 -16.79
181 258.71 8.26265e+00 9.81771e-01 -17.49
182 258.41 8.28966e+00 9.82042e-01 -17.32
183 258.41 8.31329e+00 9.81269e-01 -16.78
184 258.41 8.33787e+00 9.82354e-01 -17.44
185 258.10 8.36357e+00 9.82483e-01 -17.09
186 258.01 8.38872e+00 9.84043e-01 -16.67
187 257.87 8.41112e+00 9.84721e-01 -17.71
188 257.53 8.43637e+00 9.85853e-01 -16.93
189 257.56 8.45937e+00 9.88139e-01 -17.13
190 257.61 8.47951e+00 9.87596e-01 -17.27
191 257.42 8.50308e+00 9.89827e-01 -16.68
192 257.02 8.52715e+00 9.89427e-01 -17.25
193 256.92 8.54776e+00 9.87813e-01 -16.92
194 256.85 8.57212e+00 9.89258e-01 -16.50
195 256.97 8.59690e+00 9.91401e-01 -17.11
196 256.47 8.62096e+00 9.92845e-01 -16.93
197 256.18 8.64905e+00 9.98881e-01 -17.30
198 255.96 8.67765e+00 9.99512e-01 -17.94
199 255.72 8.70664e+00 9.99864e-01 -17.29
200 255.39 8.73609e+00 1.00000e+00 -17.49
201 255.01 8.76544e+00 1.00000e+00 -17.42
202 255.04 8.79503e+00 1.00000e+00 -17.01
203 254.75 8.82472e+00 1.00000e+00 -17.26
204 254.70 8.85335e+00 1.00000e+00 -17.26
205 254.21 8.88153e+00 1.00000e+00 -16.76
206 254.14 8.90880e+00 1.00000e+00 -17.25
207 253.82 8.93502e+00 1.00000e+00 -17.02
208 253.71 8.96007e+00 1.00000e+00 -16.41
209 253.70 8.98393e+00 1.00000e+00 -17.02
210 253.41 8.99952e+00 1.00000e+00 -16.77
211 253.45 9.00000e+00 1.00000e+00 -16.48
212 253.27 9.00000e+00 1.00000e+00 -16.82
213 253.09 9.00000e+00 1.00000e+00 -16.21
214 252.97 9.00000e+00 1.00000e+00 -16.30
215 253.13 9.00000e+00 1.00000e+00 -16.55
216 252.65 9.00000e+00 1.00000e+00 -16.03
217 252.80 9.00000e+00 1.00000e+00 -16.48
218 252.68 9.00000e+00 1.00000e+00 -16.18
219 252.33 9.00000e+00 1.00000e+00 -15.91
220 252.48 9.00000e+00 1.00000e+00 -16.34
221 252.19 9.00000e+00 1.00000e+00 -15.43
222 252.17 9.00000e+00 1.00000e+00 -16.32
223 252.19 9.00000e+00 1.00000e+00 -16.02
224 252.09 9.00000e+00 1.00000e+00 -15.65
225 251.83 9.00000e+00 1.00000e+00 -16.21
226 252.00 9.00000e+00 1.00000e+00 -15.55
227 251.99 9.00000e+00 1.00000e+00 -16.05
228 251.97 9.00000e+00 1.00000e+00 -16.35
229 251.89 9.00000e+00 1.00000e+00 -15.36
230 251.80 9.00000e+00 1.00000e+00 -16.20
231 251.89 9.00000e+00 1.00000e+00 -15.75
232 251.74 9.00000e+00 1.00000e+00 -15.46
233 251.57 9.00000e+00 1.00000e+00 -15.79
234 251.59 9.00000e+00 1.00000e+00 -15.30
235 251.68 9.00000e+00 1.00000e+00 -15.77
236 251.69 9.00000e+00 1.00000e+00 -15.77
237 251.40 9.00000e+00 1.00000e+00 -15.17
238 251.54 9.00000e+00 1.00000e+00 -16.06
239 251.51 9.00000e+00 1.00000e+00 -15.47
240 251.58 9.00000e+00 1.00000e+00 -15.41
241 251.74 9.00000e+00 1.00000e+00 -15.92
242 251.28 9.00000e+00 1.00000e+00 -15.13
243 251.44 9.00000e+00 1.00000e+00 -16.18
244 251.46 9.00000e+00 1.00000e+00 -15.62
245 251.21 9.00000e+00 1.00000e+00 -15.10
246 251.20 9.00000e+00 1.00000e+00 -15.59
247 251.48 9.00000e+00 1.00000e+00 -15.10
248 251.34 9.00000e+00 1.00000e+00 -15.62
249 251.47 9.00000e+00 1.00000e+00 -15.76
250 251.36 9.00000e+00 1.00000e+00 -15.08
251 251.30 9.00000e+00 1.00000e+00 -15.55
252 251.28 9.00000e+00 1.00000e+00 -15.55
253 251.32 9.00000e+00 1.00000e+00 -15.21
254 251.47 9.00000e+00 1.00000e+00 -15.78
255 251.34 9.00000e+00 1.00000e+00 -15.59
256 251.26 9.00000e+00 1.00000e+00 -15.76
257 251.13 9.00000e+00 1.00000e+00 -15.14
258 251.19 9.00000e+00 1.00000e+00 -15.32
259 251.30 9.00000e+00 1.00000e+00 -16.01
260 251.08 9.00000e+00 1.00000e+00 -15.07
261 251.04 9.00000e+00 1.00000e+00 -15.67
262 251.43 9.00000e+00 1.00000e+00 -15.53
263 251.20 9.00000e+00 1.00000e+00 -14.85
264 251.29 9.00000e+00 1.00000e+00 -15.94
265 251.26 9.00000e+00 1.00000e+00 -15.04
266 251.02 9.00000e+00 1.00000e+00 -15.44
267 251.15 9.00000e+00 1.00000e+00 -15.63
268 251.18 9.00000e+00 1.00000e+00 -14.86
269 251.28 9.00000e+00 1.00000e+00 -16.12
270 251.15 9.00000e+00 1.00000e+00 -14.79
271 251.34 9.00000e+00 1.00000e+00 -15.28
272 251.36 9.00000e+00 1.00000e+00 -15.78
273 251.23 9.00000e+00 1.00000e+00 -14.95
274 251.44 9.00000e+00 1.00000e+00 -16.07
275 251.20 9.00000e+00 1.00000e+00 -15.01
276 251.40 9.00000e+00 1.00000e+00 -15.27
277 251.35 9.00000e+00 1.00000e+00 -15.53
278 251.27 9.00000e+00 1.00000e+00 -15.10
279 251.32 9.00000e+00 1.00000e+00 -16.15
280 251.41 9.00000e+00 1.00000e+00 -15.17
281 251.39 9.00000e+00 1.00000e+00 -15.55
282 251.16 9.00000e+00 1.00000e+00 -15.35
283 251.21 9.00000e+00 1.00000e+00 -14.95
284 250.94 9.00000e+00 1.00000e+00 -16.17
285 250.90 9.00000e+00 1.00000e+00 -15.10
286 251.08 9.00000e+00 1.00000e+00 -15.36
287 251.33 9.00000e+00 1.00000e+00 -15.95
288 250.87 9.00000e+00 1.00000e+00 -14.80
289 251.03 9.00000e+00 1.00000e+00 -15.89
290 251.02 9.00000e+00 1.00000e+00 -15.02
291 251.08 9.00000e+00 1.00000e+00 -15.16
292 251.32 9.00000e+00 1.00000e+00 -15.76
293 251.29 9.00000e+00 1.00000e+00 -15.00
294 251.29 9.00000e+00 1.00000e+00 -16.07
295 251.36 9.00000e+00 1.00000e+00 -15.21
296 251.30 9.00000e+00 1.00000e+00 -15.15
297 251.38 9.00000e+00 1.00000e+00 -15.80
298 251.37 9.00000e+00 1.00000e+00 -14.76
299 251.46 9.00000e+00 1.00000e+00 -15.74
300 251.50 9.00000e+00 1.00000e+00 -15.13
301 251.29 9.00000e+00 1.00000e+00 -15.24
302 251.41 9.00000e+00 1.00000e+00 -15.82
303 251.01 9.00000e+00 1.00000e+00 -14.58
304 251.23 9.00000e+00 1.00000e+00 -16.11
305 251.40 9.00000e+00 1.00000e+00 -15.26
306 251.21 9.00000e+00 1.00000e+00 -15.19
307 251.40 9.00000e+00 1.00000e+00 -15.72
308 251.27 9.00000e+00 1.00000e+00 -14.80
309 251.35 9.00000e+00 1.00000e+00 -15.81
310 251.21 9.00000e+00 1.00000e+00 -15.12
311 251.43 9.00000e+00 1.00000e+00 -15.48
312 251.29 9.00000e+00 1.00000e+00 -15.76
313 250.99 9.00000e+00 1.00000e+00 -14.80
314 251.34 9.00000e+00 1.00000e+00 -16.06
315 251.21 9.00000e+00 1.00000e+00 -15.05
316 251.43 9.00000e+00 1.00000e+00 -15.33
317 251.35 9.00000e+00 1.00000e+00 -15.60
318 251.06 9.00000e+00 1.00000e+00 -14.63
319 251.13 9.00000e+00 1.00000e+00 -15.77
320 251.20 9.00000e+00 1.00000e+00 -15.42
321 251.34 9.00000e+00 1.00000e+00 -15.00
322 251.38 9.00000e+00 1.00000e+00 -16.07
323 251.28 9.00000e+00 1.00000e+00 -15.20
324 251.36 9.00000e+00 1.00000e+00 -15.45
325 251.55 9.00000e+00 1.00000e+00 -15.73
326 251.53 9.00000e+00 1.00000e+00 -15.47
327 251.32 9.00000e+00 1.00000e+00 -15.88
328 251.44 9.00000e+00 1.00000e+00 -15.29
329 251.20 9.00000e+00 1.00000e+00 -15.09
330 251.54 9.00000e+00 1.00000e+00 -15.87
331 251.20 9.00000e+00 1.00000e+00 -14.96
332 251.36 9.00000e+00 1.00000e+00 -15.79
333 251.55 9.00000e+00 1.00000e+00 -15.42
334 251.20 9.00000e+00 1.00000e+00 -15.16
335 251.36 9.00000e+00 1.00000e+00 -16.02
336 251.35 9.00000e+00 1.00000e+00 -14.99
337 251.39 9.00000e+00 1.00000e+00 -15.37
338 251.60 9.00000e+00 1.00000e+00 -16.09
339 251.30 9.00000e+00 1.00000e+00 -14.91
340 251.25 9.00000e+00 1.00000e+00 -15.69
341 251.38 9.00000e+00 1.00000e+00 -15.29
342 251.39 9.00000e+00 1.00000e+00 -15.46
343 251.46 9.00000e+00 1.00000e+00 -15.95
344 251.10 9.00000e+00 1.00000e+00 -14.67
345 251.23 9.00000e+00 1.00000e+00 -15.50
346 251.32 9.00000e+00 1.00000e+00 -15.47
347 251.33 9.00000e+00 1.00000e+00 -15.09
348 251.50 9.00000e+00 1.00000e+00 -15.70
349 251.49 9.00000e+00 1.00000e+00 -14.98
350 251.20 9.00000e+00 1.00000e+00 -15.51
351 251.63 9.00000e+00 1.00000e+00 -15.65
352 251.37 9.00000e+00 1.00000e+00 -14.88
353 251.36 9.00000e+00 1.00000e+00 -16.04
354 251.39 9.00000e+00 1.00000e+00 -15.28
355 251.41 9.00000e+00 1.00000e+00 -15.17
356 251.26 9.00000e+00 1.00000e+00 -15.71
357 251.41 9.00000e+00 1.00000e+00 -15.03
358 251.28 9.00000e+00 1.00000e+00 -15.20
359 251.34 9.00000e+00 1.00000e+00 -15.55
360 251.13 9.00000e+00 1.00000e+00 -15.36
361 251.22 9.00000e+00 1.00000e+00 -15.91
362 251.34 9.00000e+00 1.00000e+00 -15.38
363 251.39 9.00000e+00 1.00000e+00 -15.10
364 251.24 9.00000e+00 1.00000e+00 -15.95
365 251.26 9.00000e+00 1.00000e+00 -15.09
366 251.42 9.00000e+00 1.00000e+00 -15.67
367 251.48 9.00000e+00 1.00000e+00 -15.52
368 251.28 9.00000e+00 1.00000e+00 -14.92
369 251.33 9.00000e+00 1.00000e+00 -15.89
370 251.32 9.00000e+00 1.00000e+00 -15.40
371 251.05 9.00000e+00 1.00000e+00 -15.44
372 251.47 9.00000e+00 1.00000e+00 -15.85
373 251.38 9.00000e+00 1.00000e+00 -15.41
374 251.25 9.00000e+00 1.00000e+00 -15.37
375 251.45 9.00000e+00 1.00000e+00 -15.47
376 251.27 9.00000e+00 1.00000e+00 -15.27
377 251.38 9.00000e+00 1.00000e+00 -15.60
378 251.50 9.00000e+00 1.00000e+00 -15.54
379 251.53 9.00000e+00 1.00000e+00 -15.21
380 251.43 9.00000e+00 1.00000e+00 -15.54
381 251.22 9.00000e+00 1.00000e+00 -15.12
382 251.21 9.00000e+00 1.00000e+00 -15.19
383 251.38 9.00000e+00 1.00000e+00 -15.87
384 251.21 9.00000e+00 1.00000e+00 -15.06
385 251.28 9.00000e+00 1.00000e+00 -15.37
386 251.22 9.00000e+00 1.00000e+00 -15.55
387 250.97 9.00000e+00 1.00000e+00 -15.02
388 251.34 9.00000e+00 1.00000e+00 -15.78
389 251.32 9.00000e+00 1.00000e+00 -15.52
390 251.39 9.00000e+00 1.00000e+00 -15.27
391 251.41 9.00000e+00 1.00000e+00 -15.76
